>GTCACGTGACBN	1-GTCACGTGACBN	6.927841	-38269.315663	0	T:14460.0(70.97%),B:2343.8(3.07%),P:1e-16620	Tpos:104.4,Tstd:25.7,Bpos:99.0,Bstd:67.4,StrandBias:-0.0,Multiplicity:1.09
0.256	0.151	0.485	0.108
0.157	0.235	0.151	0.457
0.014	0.926	0.041	0.019
0.884	0.036	0.041	0.039
0.026	0.658	0.104	0.212
0.208	0.089	0.688	0.015
0.049	0.042	0.027	0.882
0.016	0.052	0.912	0.020
0.456	0.150	0.228	0.166
0.123	0.429	0.171	0.277
0.193	0.362	0.223	0.223
0.250	0.264	0.252	0.234
>GYCACGTGGKBN	2-GYCACGTGGKBN	7.164963	-18181.847163	0	T:10769.0(52.85%),B:3997.2(5.24%),P:1e-7896	Tpos:103.0,Tstd:34.5,Bpos:102.0,Bstd:68.6,StrandBias:-0.0,Multiplicity:1.06
0.279	0.188	0.460	0.073
0.104	0.335	0.130	0.431
0.001	0.914	0.084	0.001
0.997	0.001	0.001	0.001
0.014	0.761	0.072	0.153
0.204	0.094	0.621	0.081
0.045	0.016	0.076	0.863
0.012	0.021	0.949	0.018
0.012	0.236	0.525	0.227
0.213	0.108	0.304	0.375
0.115	0.333	0.274	0.278
0.214	0.290	0.246	0.250
>GGCCHYSTGACC	3-GGCCHYSTGACC	8.037657	-11381.909487	0	T:7244.0(35.55%),B:2714.2(3.56%),P:1e-4943	Tpos:103.1,Tstd:45.1,Bpos:100.5,Bstd:65.3,StrandBias:-0.1,Multiplicity:1.05
0.173	0.244	0.396	0.187
0.239	0.126	0.441	0.194
0.001	0.638	0.237	0.124
0.092	0.906	0.001	0.001
0.329	0.215	0.164	0.292
0.039	0.511	0.016	0.434
0.223	0.276	0.419	0.081
0.029	0.004	0.049	0.918
0.001	0.001	0.997	0.001
0.732	0.095	0.001	0.172
0.001	0.997	0.001	0.001
0.015	0.630	0.001	0.354
>TBTSATTGGCYV	4-TBTSATTGGCYV	8.372399	-2748.465002	0	T:2532.0(12.43%),B:1439.4(1.89%),P:1e-1193	Tpos:103.7,Tstd:39.4,Bpos:91.1,Bstd:64.2,StrandBias:-0.0,Multiplicity:1.22
0.190	0.214	0.194	0.402
0.118	0.378	0.262	0.243
0.028	0.304	0.083	0.585
0.078	0.367	0.407	0.148
0.985	0.001	0.011	0.003
0.001	0.172	0.001	0.826
0.008	0.001	0.001	0.990
0.026	0.001	0.966	0.007
0.070	0.002	0.927	0.001
0.138	0.520	0.072	0.270
0.070	0.477	0.001	0.453
0.353	0.274	0.227	0.147
>NVATCACATGCN	5-NVATCACATGCN	7.187434	-1164.946053	0	T:1127.0(5.53%),B:662.0(0.87%),P:1e-505	Tpos:97.6,Tstd:47.2,Bpos:103.0,Bstd:67.9,StrandBias:0.4,Multiplicity:1.02
0.312	0.217	0.256	0.215
0.244	0.246	0.376	0.134
0.615	0.143	0.113	0.129
0.166	0.157	0.154	0.523
0.065	0.688	0.100	0.147
0.766	0.060	0.135	0.039
0.089	0.671	0.163	0.077
0.642	0.126	0.101	0.131
0.216	0.114	0.044	0.626
0.072	0.079	0.670	0.179
0.171	0.389	0.219	0.220
0.176	0.295	0.241	0.288
>CTGARCCAATCA	6-CTGARCCAATCA	9.707124	-1164.572061	0	T:712.0(3.49%),B:211.0(0.28%),P:1e-505	Tpos:106.2,Tstd:37.5,Bpos:89.9,Bstd:53.7,StrandBias:-0.2,Multiplicity:1.03
0.001	0.662	0.069	0.268
0.103	0.019	0.001	0.877
0.230	0.183	0.497	0.090
0.507	0.118	0.270	0.105
0.398	0.148	0.282	0.173
0.128	0.766	0.015	0.091
0.053	0.857	0.013	0.077
0.971	0.001	0.001	0.027
0.874	0.017	0.108	0.001
0.072	0.079	0.078	0.771
0.050	0.796	0.001	0.153
0.645	0.256	0.027	0.072
>GGGAAATGTAGT	7-GGGAAATGTAGT	10.086391	-1081.583628	0	T:537.0(2.64%),B:106.5(0.14%),P:1e-469	Tpos:103.0,Tstd:39.5,Bpos:89.9,Bstd:59.7,StrandBias:0.0,Multiplicity:1.03
0.010	0.001	0.988	0.001
0.001	0.001	0.997	0.001
0.013	0.001	0.985	0.001
0.962	0.001	0.011	0.026
0.970	0.001	0.023	0.006
0.949	0.008	0.019	0.024
0.001	0.025	0.001	0.973
0.021	0.001	0.976	0.002
0.012	0.051	0.019	0.918
0.969	0.001	0.026	0.004
0.006	0.003	0.984	0.007
0.001	0.008	0.013	0.978
>GAGCACRTGACC	8-GAGCACRTGACC	9.854221	-906.411764	0	T:637.0(3.13%),B:238.0(0.31%),P:1e-393	Tpos:99.2,Tstd:42.8,Bpos:92.5,Bstd:65.6,StrandBias:0.4,Multiplicity:1.04
0.079	0.216	0.470	0.235
0.786	0.001	0.001	0.212
0.001	0.001	0.997	0.001
0.001	0.997	0.001	0.001
0.622	0.001	0.376	0.001
0.123	0.616	0.260	0.001
0.537	0.001	0.461	0.001
0.001	0.001	0.001	0.997
0.001	0.001	0.997	0.001
0.997	0.001	0.001	0.001
0.001	0.651	0.001	0.347
0.001	0.808	0.002	0.189
>GTCCAAAGTCCA	9-GTCCAAAGTCCA	7.456609	-649.434954	0	T:2100.0(10.31%),B:3293.9(4.32%),P:1e-282	Tpos:100.7,Tstd:54.1,Bpos:100.6,Bstd:62.1,StrandBias:-0.0,Multiplicity:1.06
0.113	0.008	0.841	0.038
0.199	0.113	0.250	0.437
0.132	0.401	0.224	0.244
0.014	0.890	0.009	0.087
0.946	0.016	0.015	0.023
0.727	0.081	0.161	0.031
0.908	0.019	0.065	0.008
0.035	0.015	0.851	0.099
0.009	0.009	0.160	0.822
0.050	0.582	0.135	0.233
0.019	0.944	0.004	0.033
0.781	0.050	0.026	0.143
>GCAAGGGAGGCT	10-GCAAGGGAGGCT	9.668084	-598.019163	0	T:410.0(2.01%),B:147.4(0.19%),P:1e-259	Tpos:103.6,Tstd:33.3,Bpos:96.3,Bstd:63.6,StrandBias:-0.0,Multiplicity:1.00
0.033	0.001	0.952	0.014
0.001	0.991	0.001	0.007
0.997	0.001	0.001	0.001
0.986	0.001	0.012	0.001
0.084	0.002	0.913	0.001
0.026	0.006	0.954	0.014
0.112	0.001	0.886	0.001
0.997	0.001	0.001	0.001
0.095	0.001	0.826	0.078
0.025	0.047	0.863	0.065
0.005	0.984	0.001	0.010
0.001	0.001	0.001	0.997
>VRGTCAGCTGAC	11-VRGTCAGCTGAC	9.940199	-464.265839	0	T:408.0(2.00%),B:210.6(0.28%),P:1e-201	Tpos:104.0,Tstd:33.6,Bpos:109.6,Bstd:56.0,StrandBias:-0.0,Multiplicity:1.02
0.233	0.224	0.370	0.172
0.309	0.129	0.450	0.111
0.254	0.047	0.698	0.001
0.237	0.023	0.079	0.661
0.001	0.997	0.001	0.001
0.997	0.001	0.001	0.001
0.001	0.001	0.969	0.029
0.071	0.906	0.020	0.003
0.008	0.001	0.001	0.990
0.001	0.001	0.854	0.144
0.902	0.033	0.038	0.027
0.004	0.795	0.058	0.143
>TVAGYAAACAHH	12-TVAGYAAACAHH	8.760264	-440.216971	0	T:1295.0(6.36%),B:1911.6(2.51%),P:1e-191	Tpos:103.0,Tstd:54.3,Bpos:100.4,Bstd:62.0,StrandBias:0.1,Multiplicity:1.06
0.415	0.001	0.016	0.568
0.351	0.258	0.346	0.045
0.674	0.001	0.010	0.315
0.115	0.001	0.883	0.001
0.004	0.482	0.065	0.449
0.997	0.001	0.001	0.001
0.997	0.001	0.001	0.001
0.997	0.001	0.001	0.001
0.001	0.604	0.001	0.394
0.997	0.001	0.001	0.001
0.268	0.214	0.156	0.362
0.296	0.199	0.159	0.347
>TTATTGGATACA	13-TTATTGGATACA	9.432076	-402.247038	0	T:115.0(0.56%),B:5.5(0.01%),P:1e-174	Tpos:86.4,Tstd:62.9,Bpos:90.1,Bstd:26.2,StrandBias:0.8,Multiplicity:1.00
0.001	0.001	0.001	0.997
0.001	0.001	0.001	0.997
0.997	0.001	0.001	0.001
0.001	0.008	0.001	0.990
0.001	0.003	0.001	0.995
0.001	0.001	0.997	0.001
0.004	0.097	0.721	0.178
0.995	0.001	0.003	0.001
0.001	0.001	0.001	0.997
0.995	0.001	0.003	0.001
0.001	0.993	0.003	0.003
0.995	0.001	0.003	0.001
>CCACYAGGGGGC	14-CCACYAGGGGGC	9.790378	-380.533024	0	T:613.0(3.01%),B:597.9(0.78%),P:1e-165	Tpos:103.7,Tstd:51.5,Bpos:96.8,Bstd:57.8,StrandBias:0.0,Multiplicity:1.02
0.062	0.869	0.018	0.051
0.001	0.997	0.001	0.001
0.700	0.048	0.092	0.160
0.090	0.699	0.165	0.046
0.166	0.398	0.066	0.371
0.844	0.085	0.001	0.070
0.001	0.001	0.997	0.001
0.363	0.001	0.635	0.001
0.028	0.001	0.630	0.341
0.001	0.001	0.997	0.001
0.001	0.001	0.988	0.010
0.197	0.699	0.001	0.103
>GGGGCAGGGTAA	15-GGGGCAGGGTAA	10.760878	-362.901871	0	T:101.0(0.50%),B:4.9(0.01%),P:1e-157	Tpos:97.1,Tstd:49.3,Bpos:37.0,Bstd:17.5,StrandBias:0.5,Multiplicity:1.00
0.024	0.004	0.971	0.001
0.001	0.001	0.997	0.001
0.001	0.001	0.997	0.001
0.001	0.001	0.997	0.001
0.001	0.997	0.001	0.001
0.997	0.001	0.001	0.001
0.001	0.003	0.995	0.001
0.001	0.004	0.991	0.004
0.001	0.001	0.997	0.001
0.001	0.001	0.001	0.997
0.997	0.001	0.001	0.001
0.997	0.001	0.001	0.001
>CAGGGGGCCCTT	16-CAGGGGGCCCTT	16.570305	-356.899951	0	T:76.0(0.37%),B:1.4(0.00%),P:1e-154	Tpos:106.5,Tstd:37.2,Bpos:158.6,Bstd:29.1,StrandBias:0.2,Multiplicity:1.00
0.003	0.995	0.001	0.001
0.991	0.004	0.004	0.001
0.001	0.001	0.997	0.001
0.001	0.001	0.997	0.001
0.001	0.003	0.995	0.001
0.001	0.003	0.995	0.001
0.001	0.001	0.997	0.001
0.004	0.988	0.004	0.004
0.001	0.991	0.004	0.004
0.001	0.997	0.001	0.001
0.001	0.001	0.001	0.997
0.003	0.001	0.001	0.995
>GCCCCGCCCCYB	17-GCCCCGCCCCYB	8.706057	-329.242110	0	T:2192.0(10.76%),B:4619.9(6.06%),P:1e-142	Tpos:101.2,Tstd:55.3,Bpos:94.0,Bstd:55.4,StrandBias:0.0,Multiplicity:1.25
0.208	0.006	0.670	0.116
0.001	0.762	0.110	0.127
0.111	0.597	0.014	0.278
0.092	0.886	0.002	0.020
0.002	0.938	0.001	0.059
0.121	0.003	0.543	0.333
0.001	0.962	0.036	0.001
0.001	0.997	0.001	0.001
0.001	0.796	0.001	0.202
0.242	0.504	0.083	0.171
0.055	0.436	0.193	0.316
0.145	0.355	0.214	0.286
>AGTGTGAGTCAT	18-AGTGTGAGTCAT	11.273983	-264.303987	0	T:83.0(0.41%),B:5.8(0.01%),P:1e-114	Tpos:105.2,Tstd:39.5,Bpos:113.8,Bstd:63.9,StrandBias:0.2,Multiplicity:1.00
0.993	0.005	0.001	0.001
0.001	0.001	0.997	0.001
0.001	0.005	0.001	0.993
0.001	0.005	0.993	0.001
0.001	0.001	0.001	0.997
0.006	0.001	0.987	0.006
0.997	0.001	0.001	0.001
0.001	0.005	0.993	0.001
0.001	0.001	0.001	0.997
0.001	0.997	0.001	0.001
0.993	0.001	0.005	0.001
0.005	0.001	0.001	0.993
>CCAATGATAGGT	19-CCAATGATAGGT	11.141292	-256.050184	0	T:81.0(0.40%),B:5.5(0.01%),P:1e-111	Tpos:103.6,Tstd:31.2,Bpos:48.5,Bstd:34.2,StrandBias:0.2,Multiplicity:1.00
0.001	0.993	0.005	0.001
0.001	0.997	0.001	0.001
0.997	0.001	0.001	0.001
0.912	0.001	0.082	0.005
0.005	0.013	0.001	0.981
0.005	0.005	0.989	0.001
0.993	0.001	0.005	0.001
0.001	0.013	0.005	0.981
0.976	0.001	0.001	0.022
0.001	0.001	0.993	0.005
0.005	0.001	0.989	0.005
0.001	0.001	0.001	0.997
>CTGCGCTGTTAT	20-CTGCGCTGTTAT	10.935410	-246.802073	0	T:70.0(0.34%),B:3.3(0.00%),P:1e-107	Tpos:90.8,Tstd:68.4,Bpos:108.3,Bstd:30.7,StrandBias:0.6,Multiplicity:1.00
0.001	0.997	0.001	0.001
0.001	0.001	0.001	0.997
0.001	0.006	0.992	0.001
0.043	0.739	0.001	0.217
0.197	0.007	0.795	0.001
0.001	0.997	0.001	0.001
0.006	0.001	0.001	0.992
0.001	0.001	0.997	0.001
0.016	0.001	0.001	0.982
0.001	0.001	0.001	0.997
0.992	0.001	0.006	0.001
0.001	0.001	0.001	0.997
>AGWGGCCCCGAA	21-AGWGGCCCCGAA	11.811298	-199.129672	0	T:47.0(0.23%),B:2.0(0.00%),P:1e-86	Tpos:63.1,Tstd:62.9,Bpos:60.8,Bstd:32.6,StrandBias:1.5,Multiplicity:1.00
0.700	0.184	0.093	0.023
0.001	0.024	0.952	0.023
0.344	0.212	0.001	0.443
0.024	0.001	0.698	0.277
0.023	0.024	0.952	0.001
0.047	0.722	0.047	0.184
0.024	0.789	0.070	0.117
0.253	0.676	0.001	0.070
0.023	0.931	0.023	0.023
0.092	0.069	0.676	0.163
0.860	0.025	0.046	0.069
0.608	0.253	0.070	0.069
>ACTTCTGCTCAC	22-ACTTCTGCTCAC	9.967295	-198.173791	0	T:253.0(1.24%),B:200.7(0.26%),P:1e-86	Tpos:104.3,Tstd:47.1,Bpos:103.2,Bstd:63.9,StrandBias:-0.1,Multiplicity:1.00
0.848	0.035	0.071	0.046
0.021	0.867	0.015	0.097
0.042	0.056	0.001	0.901
0.021	0.044	0.025	0.910
0.031	0.875	0.045	0.049
0.022	0.221	0.008	0.749
0.158	0.050	0.684	0.108
0.039	0.803	0.029	0.129
0.034	0.065	0.017	0.884
0.040	0.823	0.044	0.093
0.872	0.048	0.021	0.059
0.106	0.786	0.053	0.055
>WTTYTTCTATGC	23-WTTYTTCTATGC	11.487198	-175.833466	0	T:49.0(0.24%),B:2.9(0.00%),P:1e-76	Tpos:118.5,Tstd:67.6,Bpos:89.9,Bstd:56.8,StrandBias:0.8,Multiplicity:1.00
0.461	0.023	0.034	0.482
0.185	0.117	0.057	0.641
0.045	0.045	0.147	0.763
0.057	0.523	0.023	0.397
0.202	0.034	0.050	0.714
0.023	0.045	0.045	0.887
0.113	0.713	0.095	0.079
0.023	0.068	0.068	0.841
0.909	0.023	0.045	0.023
0.208	0.023	0.092	0.677
0.050	0.057	0.837	0.056
0.137	0.784	0.034	0.045
>TTAATGATTAAC	24-TTAATGATTAAC	8.542299	-170.910483	0	T:350.0(1.72%),B:410.7(0.54%),P:1e-74	Tpos:99.1,Tstd:57.6,Bpos:102.2,Bstd:59.5,StrandBias:0.1,Multiplicity:1.01
0.030	0.143	0.107	0.720
0.174	0.105	0.059	0.662
0.790	0.015	0.184	0.011
0.817	0.094	0.030	0.059
0.148	0.055	0.011	0.786
0.145	0.182	0.532	0.141
0.709	0.015	0.019	0.257
0.049	0.155	0.105	0.691
0.043	0.060	0.002	0.895
0.743	0.073	0.080	0.104
0.631	0.238	0.088	0.043
0.094	0.756	0.045	0.105
>TGGCAGCCGAGG	25-TGGCAGCCGAGG	12.821922	-154.597859	0	T:67.0(0.33%),B:10.5(0.01%),P:1e-67	Tpos:103.2,Tstd:50.2,Bpos:109.4,Bstd:40.6,StrandBias:0.0,Multiplicity:1.00
0.001	0.001	0.001	0.997
0.001	0.001	0.997	0.001
0.001	0.001	0.991	0.007
0.001	0.935	0.001	0.063
0.997	0.001	0.001	0.001
0.001	0.007	0.991	0.001
0.001	0.997	0.001	0.001
0.001	0.997	0.001	0.001
0.231	0.001	0.767	0.001
0.997	0.001	0.001	0.001
0.001	0.001	0.997	0.001
0.032	0.001	0.966	0.001
