>GGTCACGTGA	1-GGTCACGTGA	7.707896	-34631.927435	0	T:13606.0(66.78%),B:2345.2(3.08%),P:1e-15040	Tpos:104.4,Tstd:25.8,Bpos:101.0,Bstd:68.2,StrandBias:0.0,Multiplicity:1.09
0.290	0.096	0.468	0.146
0.188	0.066	0.730	0.016
0.052	0.182	0.069	0.697
0.001	0.997	0.001	0.001
0.997	0.001	0.001	0.001
0.001	0.795	0.001	0.203
0.237	0.001	0.761	0.001
0.001	0.002	0.001	0.996
0.001	0.001	0.997	0.001
0.551	0.105	0.285	0.059
>CCACGTGACC	2-CCACGTGACC	6.885858	-32745.024688	0	T:16573.0(81.34%),B:5961.4(7.82%),P:1e-14220	Tpos:101.7,Tstd:44.5,Bpos:98.0,Bstd:67.7,StrandBias:-0.0,Multiplicity:1.04
0.204	0.410	0.203	0.183
0.001	0.997	0.001	0.001
0.804	0.087	0.058	0.051
0.001	0.739	0.001	0.259
0.289	0.063	0.647	0.001
0.018	0.013	0.001	0.968
0.001	0.001	0.997	0.001
0.509	0.150	0.249	0.092
0.079	0.490	0.092	0.339
0.153	0.439	0.146	0.262
>GTCACRTGNC	3-GTCACRTGNC	7.442782	-31149.309059	0	T:13233.0(64.95%),B:2725.8(3.58%),P:1e-13527	Tpos:103.4,Tstd:37.2,Bpos:101.7,Bstd:69.9,StrandBias:0.0,Multiplicity:1.08
0.296	0.027	0.676	0.001
0.067	0.013	0.058	0.862
0.001	0.997	0.001	0.001
0.990	0.001	0.001	0.008
0.004	0.744	0.109	0.143
0.406	0.078	0.506	0.010
0.160	0.107	0.065	0.668
0.002	0.001	0.949	0.048
0.205	0.260	0.327	0.209
0.112	0.480	0.112	0.296
>BVACCACGTG	4-BVACCACGTG	8.395452	-11014.579797	0	T:6127.0(30.07%),B:1746.2(2.29%),P:1e-4783	Tpos:102.7,Tstd:29.5,Bpos:97.8,Bstd:77.1,StrandBias:0.1,Multiplicity:1.03
0.166	0.216	0.347	0.271
0.253	0.279	0.361	0.107
0.597	0.316	0.086	0.001
0.227	0.423	0.231	0.120
0.001	0.997	0.001	0.001
0.997	0.001	0.001	0.001
0.001	0.997	0.001	0.001
0.001	0.001	0.997	0.001
0.001	0.001	0.001	0.997
0.001	0.001	0.997	0.001
>TSTGATTGGC	5-TSTGATTGGC	6.754887	-2017.917294	0	T:3271.0(16.05%),B:3350.4(4.40%),P:1e-876	Tpos:102.5,Tstd:42.3,Bpos:95.9,Bstd:62.9,StrandBias:0.0,Multiplicity:1.29
0.281	0.126	0.088	0.505
0.137	0.391	0.266	0.206
0.034	0.294	0.070	0.602
0.055	0.275	0.572	0.098
0.884	0.037	0.049	0.030
0.022	0.016	0.032	0.930
0.046	0.042	0.028	0.884
0.054	0.057	0.853	0.036
0.065	0.041	0.874	0.020
0.139	0.504	0.028	0.329
>TRRCCAATRR	6-TRRCCAATRR	6.626304	-1685.813583	0	T:3858.0(18.93%),B:5117.4(6.71%),P:1e-732	Tpos:101.9,Tstd:51.1,Bpos:98.9,Bstd:61.7,StrandBias:-0.0,Multiplicity:1.08
0.079	0.209	0.255	0.457
0.492	0.001	0.506	0.001
0.323	0.113	0.406	0.158
0.001	0.734	0.001	0.264
0.211	0.749	0.001	0.039
0.997	0.001	0.001	0.001
0.673	0.001	0.325	0.001
0.406	0.001	0.001	0.592
0.293	0.214	0.373	0.120
0.340	0.223	0.382	0.054
>GTCACCTGAC	7-GTCACCTGAC	9.597349	-1339.962134	0	T:808.0(3.97%),B:234.9(0.31%),P:1e-581	Tpos:103.9,Tstd:27.1,Bpos:100.2,Bstd:63.1,StrandBias:0.1,Multiplicity:1.02
0.087	0.007	0.905	0.001
0.023	0.068	0.019	0.890
0.001	0.997	0.001	0.001
0.995	0.001	0.003	0.001
0.001	0.830	0.133	0.036
0.001	0.995	0.001	0.003
0.001	0.001	0.001	0.997
0.001	0.001	0.997	0.001
0.969	0.001	0.013	0.017
0.001	0.855	0.001	0.143
>GCCACGTGTT	8-GCCACGTGTT	8.337929	-870.479004	0	T:1241.0(6.09%),B:1096.4(1.44%),P:1e-378	Tpos:99.0,Tstd:55.3,Bpos:97.6,Bstd:63.7,StrandBias:0.1,Multiplicity:1.02
0.001	0.001	0.997	0.001
0.204	0.670	0.125	0.001
0.042	0.939	0.001	0.018
0.564	0.262	0.001	0.173
0.143	0.601	0.001	0.255
0.001	0.300	0.590	0.109
0.001	0.143	0.157	0.699
0.001	0.001	0.997	0.001
0.101	0.113	0.278	0.508
0.001	0.105	0.082	0.812
>TGGGAAATGT	9-TGGGAAATGT	10.296193	-743.469033	0	T:379.0(1.86%),B:79.2(0.10%),P:1e-322	Tpos:104.5,Tstd:36.3,Bpos:92.0,Bstd:61.6,StrandBias:0.1,Multiplicity:1.01
0.100	0.100	0.100	0.700
0.100	0.100	0.700	0.100
0.100	0.100	0.700	0.100
0.100	0.100	0.700	0.100
0.700	0.100	0.100	0.100
0.700	0.100	0.100	0.100
0.700	0.100	0.100	0.100
0.100	0.100	0.100	0.700
0.100	0.100	0.700	0.100
0.100	0.100	0.100	0.700
>TTGVCCTTTG	10-TTGVCCTTTG	6.385004	-700.832409	0	T:5435.0(26.67%),B:12442.3(16.32%),P:1e-304	Tpos:100.8,Tstd:56.3,Bpos:100.5,Bstd:60.7,StrandBias:-0.0,Multiplicity:1.18
0.134	0.215	0.163	0.488
0.001	0.025	0.043	0.931
0.089	0.005	0.788	0.118
0.380	0.338	0.253	0.029
0.333	0.495	0.002	0.169
0.001	0.995	0.001	0.003
0.003	0.044	0.001	0.952
0.035	0.144	0.005	0.816
0.057	0.004	0.112	0.827
0.173	0.108	0.610	0.109
>WNDGTAAAYA	11-WNDGTAAAYA	5.780978	-649.784190	0	T:2792.0(13.70%),B:5042.2(6.61%),P:1e-282	Tpos:102.0,Tstd:54.9,Bpos:99.5,Bstd:62.5,StrandBias:-0.0,Multiplicity:1.12
0.301	0.171	0.093	0.435
0.276	0.201	0.288	0.234
0.335	0.054	0.328	0.283
0.134	0.119	0.550	0.197
0.047	0.318	0.083	0.552
0.653	0.256	0.012	0.079
0.786	0.106	0.081	0.027
0.586	0.186	0.075	0.153
0.037	0.515	0.056	0.392
0.685	0.129	0.019	0.167
>GRTGACTCAY	12-GRTGACTCAY	4.654748	-624.778020	0	T:1475.0(7.24%),B:1917.9(2.52%),P:1e-271	Tpos:102.9,Tstd:50.8,Bpos:102.0,Bstd:64.7,StrandBias:0.0,Multiplicity:1.09
0.075	0.169	0.564	0.192
0.437	0.127	0.435	0.001
0.001	0.001	0.001	0.997
0.001	0.001	0.997	0.001
0.997	0.001	0.001	0.001
0.001	0.672	0.326	0.001
0.001	0.001	0.001	0.997
0.001	0.997	0.001	0.001
0.997	0.001	0.001	0.001
0.001	0.414	0.237	0.348
>GCTGGGAAAT	13-GCTGGGAAAT	7.813026	-506.461304	0	T:1272.0(6.24%),B:1713.4(2.25%),P:1e-219	Tpos:101.6,Tstd:51.6,Bpos:100.0,Bstd:57.8,StrandBias:-0.1,Multiplicity:1.02
0.220	0.151	0.475	0.154
0.001	0.887	0.001	0.111
0.060	0.113	0.139	0.688
0.256	0.050	0.676	0.018
0.036	0.101	0.843	0.020
0.082	0.121	0.653	0.144
0.740	0.038	0.098	0.124
0.810	0.007	0.157	0.026
0.709	0.078	0.119	0.094
0.093	0.161	0.173	0.573
>GGGGCGGGGC	14-GGGGCGGGGC	9.234494	-343.512090	0	T:1410.0(6.92%),B:2454.2(3.22%),P:1e-149	Tpos:102.7,Tstd:55.6,Bpos:92.4,Bstd:57.1,StrandBias:0.0,Multiplicity:1.27
0.123	0.046	0.734	0.097
0.114	0.023	0.855	0.008
0.009	0.055	0.930	0.006
0.044	0.032	0.910	0.014
0.093	0.795	0.069	0.043
0.220	0.049	0.726	0.005
0.010	0.024	0.871	0.095
0.117	0.075	0.737	0.071
0.107	0.075	0.775	0.043
0.050	0.665	0.017	0.268
>CTAGCTGCAA	15-CTAGCTGCAA	9.124906	-255.149455	0	T:370.0(1.82%),B:329.5(0.43%),P:1e-110	Tpos:104.1,Tstd:40.9,Bpos:99.1,Bstd:57.1,StrandBias:0.0,Multiplicity:1.01
0.050	0.924	0.001	0.025
0.001	0.041	0.001	0.957
0.926	0.001	0.072	0.001
0.141	0.001	0.857	0.001
0.048	0.931	0.016	0.005
0.022	0.027	0.001	0.950
0.026	0.007	0.950	0.017
0.061	0.922	0.001	0.016
0.997	0.001	0.001	0.001
0.940	0.021	0.001	0.038
>CTGCAAGGGA	16-CTGCAAGGGA	11.284856	-253.895591	0	T:210.0(1.03%),B:100.6(0.13%),P:1e-110	Tpos:102.5,Tstd:31.7,Bpos:100.7,Bstd:69.2,StrandBias:-0.0,Multiplicity:1.00
0.001	0.920	0.001	0.078
0.001	0.001	0.001	0.997
0.001	0.001	0.997	0.001
0.001	0.997	0.001	0.001
0.997	0.001	0.001	0.001
0.997	0.001	0.001	0.001
0.001	0.001	0.997	0.001
0.001	0.001	0.997	0.001
0.001	0.001	0.997	0.001
0.997	0.001	0.001	0.001
>YTTCCNGGAA	17-YTTCCNGGAA	5.448529	-232.218978	0	T:5519.0(27.09%),B:15860.1(20.81%),P:1e-100	Tpos:101.6,Tstd:57.0,Bpos:100.5,Bstd:61.0,StrandBias:-0.0,Multiplicity:1.15
0.172	0.402	0.064	0.363
0.034	0.063	0.119	0.784
0.107	0.119	0.131	0.643
0.111	0.694	0.114	0.081
0.010	0.927	0.013	0.050
0.255	0.320	0.246	0.179
0.136	0.017	0.820	0.027
0.032	0.037	0.864	0.067
0.811	0.061	0.094	0.034
0.907	0.011	0.067	0.015
>TATTGGATAC	18-TATTGGATAC	8.537585	-222.741733	0	T:69.0(0.34%),B:4.4(0.01%),P:1e-96	Tpos:93.9,Tstd:61.6,Bpos:99.8,Bstd:18.0,StrandBias:0.3,Multiplicity:1.00
0.001	0.001	0.001	0.997
0.997	0.001	0.001	0.001
0.001	0.001	0.001	0.997
0.001	0.005	0.001	0.993
0.001	0.001	0.997	0.001
0.001	0.001	0.997	0.001
0.997	0.001	0.001	0.001
0.001	0.001	0.001	0.997
0.997	0.001	0.001	0.001
0.001	0.997	0.001	0.001
>GCGCTGTTAT	19-GCGCTGTTAT	12.095798	-163.395995	0	T:40.0(0.20%),B:1.9(0.00%),P:1e-70	Tpos:88.6,Tstd:70.4,Bpos:112.1,Bstd:24.8,StrandBias:0.7,Multiplicity:1.00
0.001	0.001	0.997	0.001
0.001	0.997	0.001	0.001
0.001	0.001	0.997	0.001
0.010	0.979	0.010	0.001
0.001	0.001	0.001	0.997
0.001	0.010	0.988	0.001
0.182	0.001	0.001	0.816
0.001	0.001	0.001	0.997
0.997	0.001	0.001	0.001
0.010	0.001	0.001	0.988
>GACCGGTAGT	20-GACCGGTAGT	10.925315	-156.226929	0	T:49.0(0.24%),B:3.5(0.00%),P:1e-67	Tpos:62.4,Tstd:65.6,Bpos:90.3,Bstd:50.3,StrandBias:1.8,Multiplicity:1.00
0.008	0.001	0.990	0.001
0.990	0.001	0.001	0.008
0.001	0.990	0.001	0.008
0.001	0.997	0.001	0.001
0.162	0.056	0.781	0.001
0.001	0.001	0.997	0.001
0.001	0.001	0.001	0.997
0.997	0.001	0.001	0.001
0.001	0.001	0.990	0.008
0.001	0.001	0.001	0.997
>GGGGGCCCTT	21-GGGGGCCCTT	10.296193	-150.105430	0	T:98.0(0.48%),B:33.8(0.04%),P:1e-65	Tpos:107.6,Tstd:41.6,Bpos:101.4,Bstd:60.2,StrandBias:0.3,Multiplicity:1.00
0.100	0.100	0.700	0.100
0.100	0.100	0.700	0.100
0.100	0.100	0.700	0.100
0.100	0.100	0.700	0.100
0.100	0.100	0.700	0.100
0.100	0.700	0.100	0.100
0.100	0.700	0.100	0.100
0.100	0.700	0.100	0.100
0.100	0.100	0.100	0.700
0.100	0.100	0.100	0.700
>GGAAGTDAYR	22-GGAAGTDAYR	7.541953	-143.334259	0	T:581.0(2.85%),B:1000.3(1.31%),P:1e-62	Tpos:102.6,Tstd:52.2,Bpos:99.6,Bstd:62.5,StrandBias:0.0,Multiplicity:1.02
0.344	0.027	0.583	0.046
0.152	0.179	0.654	0.015
0.775	0.196	0.006	0.023
0.986	0.010	0.001	0.003
0.264	0.084	0.597	0.055
0.016	0.077	0.001	0.906
0.284	0.120	0.327	0.269
0.506	0.295	0.134	0.065
0.134	0.381	0.155	0.330
0.422	0.008	0.389	0.181
>ACAGCTTACG	23-ACAGCTTACG	8.804030	-116.000281	0	T:61.0(0.30%),B:14.8(0.02%),P:1e-50	Tpos:94.7,Tstd:66.8,Bpos:80.4,Bstd:50.7,StrandBias:-0.2,Multiplicity:1.00
0.997	0.001	0.001	0.001
0.001	0.989	0.001	0.009
0.997	0.001	0.001	0.001
0.001	0.001	0.997	0.001
0.001	0.997	0.001	0.001
0.001	0.001	0.001	0.997
0.001	0.001	0.001	0.997
0.997	0.001	0.001	0.001
0.001	0.723	0.001	0.275
0.001	0.001	0.997	0.001
>GGCCCCGAAT	24-GGCCCCGAAT	10.296193	-96.462211	0	T:43.0(0.21%),B:7.1(0.01%),P:1e-41	Tpos:64.0,Tstd:65.9,Bpos:97.7,Bstd:62.6,StrandBias:1.4,Multiplicity:1.00
0.100	0.100	0.700	0.100
0.100	0.100	0.700	0.100
0.100	0.700	0.100	0.100
0.100	0.700	0.100	0.100
0.100	0.700	0.100	0.100
0.100	0.700	0.100	0.100
0.100	0.100	0.700	0.100
0.700	0.100	0.100	0.100
0.700	0.100	0.100	0.100
0.100	0.100	0.100	0.700
>TTTCTTCTAT	25-TTTCTTCTAT	10.296193	-76.585759	0	T:65.0(0.32%),B:33.4(0.04%),P:1e-33	Tpos:106.7,Tstd:70.7,Bpos:115.6,Bstd:51.9,StrandBias:0.1,Multiplicity:1.00
0.100	0.100	0.100	0.700
0.100	0.100	0.100	0.700
0.100	0.100	0.100	0.700
0.100	0.700	0.100	0.100
0.100	0.100	0.100	0.700
0.100	0.100	0.100	0.700
0.100	0.700	0.100	0.100
0.100	0.100	0.100	0.700
0.700	0.100	0.100	0.100
0.100	0.100	0.100	0.700
>GTCACGTGACBN	1-GTCACGTGACBN	6.927841	-38269.315663	0	T:14460.0(70.97%),B:2343.8(3.07%),P:1e-16620	Tpos:104.4,Tstd:25.7,Bpos:99.0,Bstd:67.4,StrandBias:-0.0,Multiplicity:1.09
0.256	0.151	0.485	0.108
0.157	0.235	0.151	0.457
0.014	0.926	0.041	0.019
0.884	0.036	0.041	0.039
0.026	0.658	0.104	0.212
0.208	0.089	0.688	0.015
0.049	0.042	0.027	0.882
0.016	0.052	0.912	0.020
0.456	0.150	0.228	0.166
0.123	0.429	0.171	0.277
0.193	0.362	0.223	0.223
0.250	0.264	0.252	0.234
>GYCACGTGGKBN	2-GYCACGTGGKBN	7.164963	-18181.847163	0	T:10769.0(52.85%),B:3997.2(5.24%),P:1e-7896	Tpos:103.0,Tstd:34.5,Bpos:102.0,Bstd:68.6,StrandBias:-0.0,Multiplicity:1.06
0.279	0.188	0.460	0.073
0.104	0.335	0.130	0.431
0.001	0.914	0.084	0.001
0.997	0.001	0.001	0.001
0.014	0.761	0.072	0.153
0.204	0.094	0.621	0.081
0.045	0.016	0.076	0.863
0.012	0.021	0.949	0.018
0.012	0.236	0.525	0.227
0.213	0.108	0.304	0.375
0.115	0.333	0.274	0.278
0.214	0.290	0.246	0.250
>GGCCHYSTGACC	3-GGCCHYSTGACC	8.037657	-11381.909487	0	T:7244.0(35.55%),B:2714.2(3.56%),P:1e-4943	Tpos:103.1,Tstd:45.1,Bpos:100.5,Bstd:65.3,StrandBias:-0.1,Multiplicity:1.05
0.173	0.244	0.396	0.187
0.239	0.126	0.441	0.194
0.001	0.638	0.237	0.124
0.092	0.906	0.001	0.001
0.329	0.215	0.164	0.292
0.039	0.511	0.016	0.434
0.223	0.276	0.419	0.081
0.029	0.004	0.049	0.918
0.001	0.001	0.997	0.001
0.732	0.095	0.001	0.172
0.001	0.997	0.001	0.001
0.015	0.630	0.001	0.354
>TBTSATTGGCYV	4-TBTSATTGGCYV	8.372399	-2748.465002	0	T:2532.0(12.43%),B:1439.4(1.89%),P:1e-1193	Tpos:103.7,Tstd:39.4,Bpos:91.1,Bstd:64.2,StrandBias:-0.0,Multiplicity:1.22
0.190	0.214	0.194	0.402
0.118	0.378	0.262	0.243
0.028	0.304	0.083	0.585
0.078	0.367	0.407	0.148
0.985	0.001	0.011	0.003
0.001	0.172	0.001	0.826
0.008	0.001	0.001	0.990
0.026	0.001	0.966	0.007
0.070	0.002	0.927	0.001
0.138	0.520	0.072	0.270
0.070	0.477	0.001	0.453
0.353	0.274	0.227	0.147
>NVATCACATGCN	5-NVATCACATGCN	7.187434	-1164.946053	0	T:1127.0(5.53%),B:662.0(0.87%),P:1e-505	Tpos:97.6,Tstd:47.2,Bpos:103.0,Bstd:67.9,StrandBias:0.4,Multiplicity:1.02
0.312	0.217	0.256	0.215
0.244	0.246	0.376	0.134
0.615	0.143	0.113	0.129
0.166	0.157	0.154	0.523
0.065	0.688	0.100	0.147
0.766	0.060	0.135	0.039
0.089	0.671	0.163	0.077
0.642	0.126	0.101	0.131
0.216	0.114	0.044	0.626
0.072	0.079	0.670	0.179
0.171	0.389	0.219	0.220
0.176	0.295	0.241	0.288
>CTGARCCAATCA	6-CTGARCCAATCA	9.707124	-1164.572061	0	T:712.0(3.49%),B:211.0(0.28%),P:1e-505	Tpos:106.2,Tstd:37.5,Bpos:89.9,Bstd:53.7,StrandBias:-0.2,Multiplicity:1.03
0.001	0.662	0.069	0.268
0.103	0.019	0.001	0.877
0.230	0.183	0.497	0.090
0.507	0.118	0.270	0.105
0.398	0.148	0.282	0.173
0.128	0.766	0.015	0.091
0.053	0.857	0.013	0.077
0.971	0.001	0.001	0.027
0.874	0.017	0.108	0.001
0.072	0.079	0.078	0.771
0.050	0.796	0.001	0.153
0.645	0.256	0.027	0.072
>GGGAAATGTAGT	7-GGGAAATGTAGT	10.086391	-1081.583628	0	T:537.0(2.64%),B:106.5(0.14%),P:1e-469	Tpos:103.0,Tstd:39.5,Bpos:89.9,Bstd:59.7,StrandBias:0.0,Multiplicity:1.03
0.010	0.001	0.988	0.001
0.001	0.001	0.997	0.001
0.013	0.001	0.985	0.001
0.962	0.001	0.011	0.026
0.970	0.001	0.023	0.006
0.949	0.008	0.019	0.024
0.001	0.025	0.001	0.973
0.021	0.001	0.976	0.002
0.012	0.051	0.019	0.918
0.969	0.001	0.026	0.004
0.006	0.003	0.984	0.007
0.001	0.008	0.013	0.978
>GAGCACRTGACC	8-GAGCACRTGACC	9.854221	-906.411764	0	T:637.0(3.13%),B:238.0(0.31%),P:1e-393	Tpos:99.2,Tstd:42.8,Bpos:92.5,Bstd:65.6,StrandBias:0.4,Multiplicity:1.04
0.079	0.216	0.470	0.235
0.786	0.001	0.001	0.212
0.001	0.001	0.997	0.001
0.001	0.997	0.001	0.001
0.622	0.001	0.376	0.001
0.123	0.616	0.260	0.001
0.537	0.001	0.461	0.001
0.001	0.001	0.001	0.997
0.001	0.001	0.997	0.001
0.997	0.001	0.001	0.001
0.001	0.651	0.001	0.347
0.001	0.808	0.002	0.189
>GTCCAAAGTCCA	9-GTCCAAAGTCCA	7.456609	-649.434954	0	T:2100.0(10.31%),B:3293.9(4.32%),P:1e-282	Tpos:100.7,Tstd:54.1,Bpos:100.6,Bstd:62.1,StrandBias:-0.0,Multiplicity:1.06
0.113	0.008	0.841	0.038
0.199	0.113	0.250	0.437
0.132	0.401	0.224	0.244
0.014	0.890	0.009	0.087
0.946	0.016	0.015	0.023
0.727	0.081	0.161	0.031
0.908	0.019	0.065	0.008
0.035	0.015	0.851	0.099
0.009	0.009	0.160	0.822
0.050	0.582	0.135	0.233
0.019	0.944	0.004	0.033
0.781	0.050	0.026	0.143
>GCAAGGGAGGCT	10-GCAAGGGAGGCT	9.668084	-598.019163	0	T:410.0(2.01%),B:147.4(0.19%),P:1e-259	Tpos:103.6,Tstd:33.3,Bpos:96.3,Bstd:63.6,StrandBias:-0.0,Multiplicity:1.00
0.033	0.001	0.952	0.014
0.001	0.991	0.001	0.007
0.997	0.001	0.001	0.001
0.986	0.001	0.012	0.001
0.084	0.002	0.913	0.001
0.026	0.006	0.954	0.014
0.112	0.001	0.886	0.001
0.997	0.001	0.001	0.001
0.095	0.001	0.826	0.078
0.025	0.047	0.863	0.065
0.005	0.984	0.001	0.010
0.001	0.001	0.001	0.997
>VRGTCAGCTGAC	11-VRGTCAGCTGAC	9.940199	-464.265839	0	T:408.0(2.00%),B:210.6(0.28%),P:1e-201	Tpos:104.0,Tstd:33.6,Bpos:109.6,Bstd:56.0,StrandBias:-0.0,Multiplicity:1.02
0.233	0.224	0.370	0.172
0.309	0.129	0.450	0.111
0.254	0.047	0.698	0.001
0.237	0.023	0.079	0.661
0.001	0.997	0.001	0.001
0.997	0.001	0.001	0.001
0.001	0.001	0.969	0.029
0.071	0.906	0.020	0.003
0.008	0.001	0.001	0.990
0.001	0.001	0.854	0.144
0.902	0.033	0.038	0.027
0.004	0.795	0.058	0.143
>TVAGYAAACAHH	12-TVAGYAAACAHH	8.760264	-440.216971	0	T:1295.0(6.36%),B:1911.6(2.51%),P:1e-191	Tpos:103.0,Tstd:54.3,Bpos:100.4,Bstd:62.0,StrandBias:0.1,Multiplicity:1.06
0.415	0.001	0.016	0.568
0.351	0.258	0.346	0.045
0.674	0.001	0.010	0.315
0.115	0.001	0.883	0.001
0.004	0.482	0.065	0.449
0.997	0.001	0.001	0.001
0.997	0.001	0.001	0.001
0.997	0.001	0.001	0.001
0.001	0.604	0.001	0.394
0.997	0.001	0.001	0.001
0.268	0.214	0.156	0.362
0.296	0.199	0.159	0.347
>TTATTGGATACA	13-TTATTGGATACA	9.432076	-402.247038	0	T:115.0(0.56%),B:5.5(0.01%),P:1e-174	Tpos:86.4,Tstd:62.9,Bpos:90.1,Bstd:26.2,StrandBias:0.8,Multiplicity:1.00
0.001	0.001	0.001	0.997
0.001	0.001	0.001	0.997
0.997	0.001	0.001	0.001
0.001	0.008	0.001	0.990
0.001	0.003	0.001	0.995
0.001	0.001	0.997	0.001
0.004	0.097	0.721	0.178
0.995	0.001	0.003	0.001
0.001	0.001	0.001	0.997
0.995	0.001	0.003	0.001
0.001	0.993	0.003	0.003
0.995	0.001	0.003	0.001
>CCACYAGGGGGC	14-CCACYAGGGGGC	9.790378	-380.533024	0	T:613.0(3.01%),B:597.9(0.78%),P:1e-165	Tpos:103.7,Tstd:51.5,Bpos:96.8,Bstd:57.8,StrandBias:0.0,Multiplicity:1.02
0.062	0.869	0.018	0.051
0.001	0.997	0.001	0.001
0.700	0.048	0.092	0.160
0.090	0.699	0.165	0.046
0.166	0.398	0.066	0.371
0.844	0.085	0.001	0.070
0.001	0.001	0.997	0.001
0.363	0.001	0.635	0.001
0.028	0.001	0.630	0.341
0.001	0.001	0.997	0.001
0.001	0.001	0.988	0.010
0.197	0.699	0.001	0.103
>GGGGCAGGGTAA	15-GGGGCAGGGTAA	10.760878	-362.901871	0	T:101.0(0.50%),B:4.9(0.01%),P:1e-157	Tpos:97.1,Tstd:49.3,Bpos:37.0,Bstd:17.5,StrandBias:0.5,Multiplicity:1.00
0.024	0.004	0.971	0.001
0.001	0.001	0.997	0.001
0.001	0.001	0.997	0.001
0.001	0.001	0.997	0.001
0.001	0.997	0.001	0.001
0.997	0.001	0.001	0.001
0.001	0.003	0.995	0.001
0.001	0.004	0.991	0.004
0.001	0.001	0.997	0.001
0.001	0.001	0.001	0.997
0.997	0.001	0.001	0.001
0.997	0.001	0.001	0.001
>CAGGGGGCCCTT	16-CAGGGGGCCCTT	16.570305	-356.899951	0	T:76.0(0.37%),B:1.4(0.00%),P:1e-154	Tpos:106.5,Tstd:37.2,Bpos:158.6,Bstd:29.1,StrandBias:0.2,Multiplicity:1.00
0.003	0.995	0.001	0.001
0.991	0.004	0.004	0.001
0.001	0.001	0.997	0.001
0.001	0.001	0.997	0.001
0.001	0.003	0.995	0.001
0.001	0.003	0.995	0.001
0.001	0.001	0.997	0.001
0.004	0.988	0.004	0.004
0.001	0.991	0.004	0.004
0.001	0.997	0.001	0.001
0.001	0.001	0.001	0.997
0.003	0.001	0.001	0.995
>GCCCCGCCCCYB	17-GCCCCGCCCCYB	8.706057	-329.242110	0	T:2192.0(10.76%),B:4619.9(6.06%),P:1e-142	Tpos:101.2,Tstd:55.3,Bpos:94.0,Bstd:55.4,StrandBias:0.0,Multiplicity:1.25
0.208	0.006	0.670	0.116
0.001	0.762	0.110	0.127
0.111	0.597	0.014	0.278
0.092	0.886	0.002	0.020
0.002	0.938	0.001	0.059
0.121	0.003	0.543	0.333
0.001	0.962	0.036	0.001
0.001	0.997	0.001	0.001
0.001	0.796	0.001	0.202
0.242	0.504	0.083	0.171
0.055	0.436	0.193	0.316
0.145	0.355	0.214	0.286
>AGTGTGAGTCAT	18-AGTGTGAGTCAT	11.273983	-264.303987	0	T:83.0(0.41%),B:5.8(0.01%),P:1e-114	Tpos:105.2,Tstd:39.5,Bpos:113.8,Bstd:63.9,StrandBias:0.2,Multiplicity:1.00
0.993	0.005	0.001	0.001
0.001	0.001	0.997	0.001
0.001	0.005	0.001	0.993
0.001	0.005	0.993	0.001
0.001	0.001	0.001	0.997
0.006	0.001	0.987	0.006
0.997	0.001	0.001	0.001
0.001	0.005	0.993	0.001
0.001	0.001	0.001	0.997
0.001	0.997	0.001	0.001
0.993	0.001	0.005	0.001
0.005	0.001	0.001	0.993
>CCAATGATAGGT	19-CCAATGATAGGT	11.141292	-256.050184	0	T:81.0(0.40%),B:5.5(0.01%),P:1e-111	Tpos:103.6,Tstd:31.2,Bpos:48.5,Bstd:34.2,StrandBias:0.2,Multiplicity:1.00
0.001	0.993	0.005	0.001
0.001	0.997	0.001	0.001
0.997	0.001	0.001	0.001
0.912	0.001	0.082	0.005
0.005	0.013	0.001	0.981
0.005	0.005	0.989	0.001
0.993	0.001	0.005	0.001
0.001	0.013	0.005	0.981
0.976	0.001	0.001	0.022
0.001	0.001	0.993	0.005
0.005	0.001	0.989	0.005
0.001	0.001	0.001	0.997
>CTGCGCTGTTAT	20-CTGCGCTGTTAT	10.935410	-246.802073	0	T:70.0(0.34%),B:3.3(0.00%),P:1e-107	Tpos:90.8,Tstd:68.4,Bpos:108.3,Bstd:30.7,StrandBias:0.6,Multiplicity:1.00
0.001	0.997	0.001	0.001
0.001	0.001	0.001	0.997
0.001	0.006	0.992	0.001
0.043	0.739	0.001	0.217
0.197	0.007	0.795	0.001
0.001	0.997	0.001	0.001
0.006	0.001	0.001	0.992
0.001	0.001	0.997	0.001
0.016	0.001	0.001	0.982
0.001	0.001	0.001	0.997
0.992	0.001	0.006	0.001
0.001	0.001	0.001	0.997
>AGWGGCCCCGAA	21-AGWGGCCCCGAA	11.811298	-199.129672	0	T:47.0(0.23%),B:2.0(0.00%),P:1e-86	Tpos:63.1,Tstd:62.9,Bpos:60.8,Bstd:32.6,StrandBias:1.5,Multiplicity:1.00
0.700	0.184	0.093	0.023
0.001	0.024	0.952	0.023
0.344	0.212	0.001	0.443
0.024	0.001	0.698	0.277
0.023	0.024	0.952	0.001
0.047	0.722	0.047	0.184
0.024	0.789	0.070	0.117
0.253	0.676	0.001	0.070
0.023	0.931	0.023	0.023
0.092	0.069	0.676	0.163
0.860	0.025	0.046	0.069
0.608	0.253	0.070	0.069
>ACTTCTGCTCAC	22-ACTTCTGCTCAC	9.967295	-198.173791	0	T:253.0(1.24%),B:200.7(0.26%),P:1e-86	Tpos:104.3,Tstd:47.1,Bpos:103.2,Bstd:63.9,StrandBias:-0.1,Multiplicity:1.00
0.848	0.035	0.071	0.046
0.021	0.867	0.015	0.097
0.042	0.056	0.001	0.901
0.021	0.044	0.025	0.910
0.031	0.875	0.045	0.049
0.022	0.221	0.008	0.749
0.158	0.050	0.684	0.108
0.039	0.803	0.029	0.129
0.034	0.065	0.017	0.884
0.040	0.823	0.044	0.093
0.872	0.048	0.021	0.059
0.106	0.786	0.053	0.055
>WTTYTTCTATGC	23-WTTYTTCTATGC	11.487198	-175.833466	0	T:49.0(0.24%),B:2.9(0.00%),P:1e-76	Tpos:118.5,Tstd:67.6,Bpos:89.9,Bstd:56.8,StrandBias:0.8,Multiplicity:1.00
0.461	0.023	0.034	0.482
0.185	0.117	0.057	0.641
0.045	0.045	0.147	0.763
0.057	0.523	0.023	0.397
0.202	0.034	0.050	0.714
0.023	0.045	0.045	0.887
0.113	0.713	0.095	0.079
0.023	0.068	0.068	0.841
0.909	0.023	0.045	0.023
0.208	0.023	0.092	0.677
0.050	0.057	0.837	0.056
0.137	0.784	0.034	0.045
>TTAATGATTAAC	24-TTAATGATTAAC	8.542299	-170.910483	0	T:350.0(1.72%),B:410.7(0.54%),P:1e-74	Tpos:99.1,Tstd:57.6,Bpos:102.2,Bstd:59.5,StrandBias:0.1,Multiplicity:1.01
0.030	0.143	0.107	0.720
0.174	0.105	0.059	0.662
0.790	0.015	0.184	0.011
0.817	0.094	0.030	0.059
0.148	0.055	0.011	0.786
0.145	0.182	0.532	0.141
0.709	0.015	0.019	0.257
0.049	0.155	0.105	0.691
0.043	0.060	0.002	0.895
0.743	0.073	0.080	0.104
0.631	0.238	0.088	0.043
0.094	0.756	0.045	0.105
>TGGCAGCCGAGG	25-TGGCAGCCGAGG	12.821922	-154.597859	0	T:67.0(0.33%),B:10.5(0.01%),P:1e-67	Tpos:103.2,Tstd:50.2,Bpos:109.4,Bstd:40.6,StrandBias:0.0,Multiplicity:1.00
0.001	0.001	0.001	0.997
0.001	0.001	0.997	0.001
0.001	0.001	0.991	0.007
0.001	0.935	0.001	0.063
0.997	0.001	0.001	0.001
0.001	0.007	0.991	0.001
0.001	0.997	0.001	0.001
0.001	0.997	0.001	0.001
0.231	0.001	0.767	0.001
0.997	0.001	0.001	0.001
0.001	0.001	0.997	0.001
0.032	0.001	0.966	0.001
>GTCACGTG	1-GTCACGTG	8.170546	-35428.248371	0	T:13157.0(64.57%),B:1914.0(2.51%),P:1e-15386	Tpos:104.4,Tstd:25.8,Bpos:100.7,Bstd:72.2,StrandBias:0.0,Multiplicity:1.08
0.118	0.033	0.848	0.001
0.030	0.095	0.001	0.874
0.001	0.997	0.001	0.001
0.997	0.001	0.001	0.001
0.001	0.879	0.001	0.119
0.227	0.001	0.771	0.001
0.001	0.001	0.001	0.997
0.001	0.001	0.997	0.001
>MTCAYGTG	2-MTCAYGTG	7.394099	-26845.795373	0	T:14867.0(72.97%),B:5800.5(7.61%),P:1e-11658	Tpos:99.8,Tstd:48.1,Bpos:98.9,Bstd:67.8,StrandBias:-0.0,Multiplicity:1.04
0.381	0.364	0.147	0.107
0.001	0.422	0.001	0.576
0.001	0.997	0.001	0.001
0.997	0.001	0.001	0.001
0.001	0.516	0.001	0.482
0.158	0.001	0.840	0.001
0.001	0.001	0.001	0.997
0.001	0.001	0.997	0.001
>CACSTGAC	3-CACSTGAC	6.075482	-23178.432712	0	T:16763.0(82.27%),B:11220.9(14.72%),P:1e-10066	Tpos:103.3,Tstd:41.1,Bpos:100.7,Bstd:65.5,StrandBias:-0.0,Multiplicity:1.14
0.165	0.812	0.001	0.022
0.840	0.018	0.077	0.065
0.018	0.634	0.160	0.188
0.018	0.464	0.495	0.023
0.001	0.001	0.022	0.976
0.164	0.001	0.834	0.001
0.647	0.052	0.198	0.103
0.033	0.761	0.001	0.205
>ACCACGTG	4-ACCACGTG	8.365885	-8100.297554	0	T:4762.0(23.37%),B:1448.0(1.90%),P:1e-3517	Tpos:103.2,Tstd:28.6,Bpos:101.0,Bstd:73.1,StrandBias:0.1,Multiplicity:1.03
0.718	0.280	0.001	0.001
0.093	0.763	0.143	0.001
0.001	0.997	0.001	0.001
0.997	0.001	0.001	0.001
0.001	0.997	0.001	0.001
0.001	0.001	0.997	0.001
0.001	0.001	0.001	0.997
0.001	0.001	0.997	0.001
>TGATTGGC	5-TGATTGGC	5.609530	-1863.854163	0	T:2636.0(12.94%),B:2372.7(3.11%),P:1e-809	Tpos:102.9,Tstd:41.8,Bpos:95.1,Bstd:65.2,StrandBias:0.0,Multiplicity:1.25
0.001	0.025	0.001	0.973
0.001	0.272	0.726	0.001
0.997	0.001	0.001	0.001
0.001	0.001	0.001	0.997
0.001	0.001	0.001	0.997
0.001	0.001	0.997	0.001
0.001	0.001	0.997	0.001
0.001	0.765	0.001	0.233
>CYGATTGG	6-CYGATTGG	6.149592	-1557.548183	0	T:3514.0(17.25%),B:4590.5(6.02%),P:1e-676	Tpos:101.6,Tstd:51.6,Bpos:97.6,Bstd:60.9,StrandBias:-0.1,Multiplicity:1.07
0.057	0.581	0.204	0.158
0.001	0.504	0.089	0.406
0.120	0.062	0.581	0.237
0.904	0.054	0.032	0.010
0.069	0.001	0.070	0.860
0.121	0.011	0.001	0.867
0.082	0.008	0.878	0.032
0.061	0.061	0.826	0.052
>GYCAATCM	7-GYCAATCM	7.677245	-850.704735	0	T:2101.0(10.31%),B:2835.6(3.72%),P:1e-369	Tpos:99.4,Tstd:52.4,Bpos:99.1,Bstd:62.9,StrandBias:-0.3,Multiplicity:1.04
0.250	0.001	0.748	0.001
0.001	0.489	0.001	0.509
0.001	0.799	0.001	0.199
0.997	0.001	0.001	0.001
0.997	0.001	0.001	0.001
0.001	0.001	0.001	0.997
0.001	0.997	0.001	0.001
0.440	0.524	0.035	0.001
>TGAGTCAT	8-TGAGTCAT	9.380930	-760.031727	0	T:1430.0(7.02%),B:1590.6(2.09%),P:1e-330	Tpos:103.9,Tstd:50.8,Bpos:103.3,Bstd:65.7,StrandBias:0.1,Multiplicity:1.08
0.001	0.001	0.001	0.997
0.001	0.001	0.997	0.001
0.997	0.001	0.001	0.001
0.001	0.252	0.746	0.001
0.001	0.001	0.001	0.997
0.001	0.997	0.001	0.001
0.997	0.001	0.001	0.001
0.001	0.247	0.001	0.751
>TGCCCTTT	9-TGCCCTTT	5.233627	-582.317301	0	T:10165.0(49.89%),B:29081.4(38.15%),P:1e-252	Tpos:99.4,Tstd:57.4,Bpos:100.7,Bstd:61.0,StrandBias:-0.0,Multiplicity:1.31
0.031	0.149	0.095	0.725
0.056	0.088	0.754	0.102
0.173	0.541	0.226	0.060
0.155	0.743	0.033	0.069
0.042	0.838	0.018	0.102
0.024	0.041	0.006	0.929
0.023	0.254	0.032	0.691
0.042	0.053	0.125	0.780
>CTGTTTAC	10-CTGTTTAC	3.833004	-540.106871	0	T:2808.0(13.78%),B:5469.5(7.18%),P:1e-234	Tpos:101.8,Tstd:54.5,Bpos:99.2,Bstd:63.2,StrandBias:0.0,Multiplicity:1.11
0.362	0.534	0.101	0.003
0.001	0.001	0.001	0.997
0.412	0.001	0.586	0.001
0.001	0.001	0.001	0.997
0.001	0.001	0.001	0.997
0.001	0.001	0.001	0.997
0.579	0.001	0.419	0.001
0.001	0.997	0.001	0.001
>GGTCAAAG	11-GGTCAAAG	5.700273	-473.886668	0	T:4695.0(23.04%),B:11359.4(14.90%),P:1e-205	Tpos:100.9,Tstd:54.2,Bpos:100.0,Bstd:62.5,StrandBias:0.0,Multiplicity:1.14
0.025	0.001	0.973	0.001
0.136	0.069	0.604	0.191
0.031	0.069	0.046	0.854
0.033	0.934	0.001	0.032
0.997	0.001	0.001	0.001
0.932	0.001	0.066	0.001
0.930	0.001	0.058	0.011
0.017	0.001	0.981	0.001
>TTTCCCAG	12-TTTCCCAG	8.236954	-449.001668	0	T:977.0(4.80%),B:1197.0(1.57%),P:1e-194	Tpos:102.9,Tstd:48.1,Bpos:102.5,Bstd:56.2,StrandBias:0.0,Multiplicity:1.03
0.100	0.100	0.100	0.700
0.100	0.100	0.100	0.700
0.100	0.100	0.100	0.700
0.100	0.700	0.100	0.100
0.100	0.700	0.100	0.100
0.100	0.700	0.100	0.100
0.700	0.100	0.100	0.100
0.100	0.100	0.700	0.100
>GSAAAKGA	13-GSAAAKGA	7.387805	-280.699861	0	T:3069.0(15.06%),B:7483.0(9.82%),P:1e-121	Tpos:98.9,Tstd:54.8,Bpos:99.7,Bstd:61.5,StrandBias:-0.0,Multiplicity:1.10
0.113	0.001	0.885	0.001
0.001	0.507	0.491	0.001
0.997	0.001	0.001	0.001
0.997	0.001	0.001	0.001
0.786	0.001	0.212	0.001
0.001	0.001	0.479	0.519
0.001	0.001	0.909	0.089
0.599	0.098	0.001	0.302
>ACTTCCGG	14-ACTTCCGG	7.318468	-242.699845	0	T:1206.0(5.92%),B:2268.7(2.98%),P:1e-105	Tpos:102.2,Tstd:52.8,Bpos:96.4,Bstd:60.7,StrandBias:-0.1,Multiplicity:1.08
0.809	0.001	0.189	0.001
0.001	0.955	0.001	0.043
0.001	0.001	0.001	0.997
0.117	0.001	0.001	0.881
0.001	0.997	0.001	0.001
0.001	0.997	0.001	0.001
0.001	0.001	0.838	0.160
0.001	0.094	0.904	0.001
>CBYGTGAC	15-CBYGTGAC	8.199790	-236.329460	0	T:636.0(3.12%),B:887.1(1.16%),P:1e-102	Tpos:101.3,Tstd:43.8,Bpos:97.0,Bstd:71.3,StrandBias:0.0,Multiplicity:1.03
0.001	0.963	0.035	0.001
0.114	0.268	0.252	0.366
0.076	0.452	0.029	0.444
0.076	0.117	0.806	0.001
0.131	0.001	0.069	0.799
0.064	0.001	0.934	0.001
0.794	0.001	0.088	0.117
0.001	0.997	0.001	0.001
>TTGTGTAA	16-TTGTGTAA	6.898426	-208.056715	0	T:1698.0(8.33%),B:3790.6(4.97%),P:1e-90	Tpos:102.9,Tstd:56.2,Bpos:99.2,Bstd:62.6,StrandBias:0.1,Multiplicity:1.06
0.001	0.012	0.001	0.986
0.001	0.001	0.037	0.961
0.140	0.029	0.808	0.023
0.024	0.064	0.037	0.875
0.011	0.001	0.931	0.057
0.111	0.170	0.001	0.718
0.952	0.046	0.001	0.001
0.921	0.077	0.001	0.001
>TGWTGCAA	17-TGWTGCAA	7.970311	-165.995364	0	T:1127.0(5.53%),B:2368.1(3.11%),P:1e-72	Tpos:100.9,Tstd:55.1,Bpos:100.0,Bstd:62.4,StrandBias:0.0,Multiplicity:1.03
0.109	0.001	0.001	0.889
0.001	0.014	0.599	0.386
0.480	0.001	0.001	0.518
0.001	0.350	0.001	0.648
0.001	0.001	0.997	0.001
0.001	0.729	0.001	0.269
0.997	0.001	0.001	0.001
0.997	0.001	0.001	0.001
>TTTCCTCT	18-TTTCCTCT	6.429881	-152.565666	0	T:4832.0(23.72%),B:14364.3(18.84%),P:1e-66	Tpos:99.0,Tstd:61.0,Bpos:99.9,Bstd:58.8,StrandBias:-0.1,Multiplicity:1.13
0.103	0.074	0.001	0.822
0.023	0.046	0.001	0.930
0.001	0.001	0.001	0.997
0.046	0.883	0.001	0.070
0.001	0.929	0.001	0.069
0.057	0.093	0.020	0.830
0.001	0.856	0.093	0.050
0.023	0.084	0.009	0.884
>GTCATATG	19-GTCATATG	8.236954	-141.357494	0	T:229.0(1.12%),B:225.8(0.30%),P:1e-61	Tpos:103.2,Tstd:37.8,Bpos:95.2,Bstd:65.6,StrandBias:-0.0,Multiplicity:1.01
0.100	0.100	0.700	0.100
0.100	0.100	0.100	0.700
0.100	0.700	0.100	0.100
0.700	0.100	0.100	0.100
0.100	0.100	0.100	0.700
0.700	0.100	0.100	0.100
0.100	0.100	0.100	0.700
0.100	0.100	0.700	0.100
>AGCRAAAG	20-AGCRAAAG	6.671445	-138.842517	0	T:3987.0(19.57%),B:11645.4(15.28%),P:1e-60	Tpos:99.6,Tstd:58.6,Bpos:99.9,Bstd:60.1,StrandBias:0.0,Multiplicity:1.09
0.949	0.049	0.001	0.001
0.001	0.001	0.997	0.001
0.149	0.473	0.081	0.298
0.426	0.001	0.412	0.161
0.821	0.001	0.177	0.001
0.995	0.001	0.003	0.001
0.828	0.083	0.088	0.001
0.066	0.001	0.932	0.001
>GGGGGGGA	21-GGGGGGGA	7.709456	-138.777200	0	T:2181.0(10.70%),B:5711.9(7.49%),P:1e-60	Tpos:101.0,Tstd:55.9,Bpos:94.0,Bstd:56.6,StrandBias:0.0,Multiplicity:1.41
0.001	0.001	0.997	0.001
0.001	0.001	0.997	0.001
0.001	0.099	0.899	0.001
0.001	0.224	0.774	0.001
0.001	0.284	0.714	0.001
0.001	0.389	0.609	0.001
0.001	0.001	0.997	0.001
0.604	0.003	0.392	0.001
>TGTAGTCT	22-TGTAGTCT	9.559730	-113.193000	0	T:518.0(2.54%),B:940.5(1.23%),P:1e-49	Tpos:100.8,Tstd:49.8,Bpos:96.4,Bstd:60.4,StrandBias:-0.2,Multiplicity:1.01
0.001	0.001	0.001	0.997
0.001	0.001	0.997	0.001
0.001	0.001	0.001	0.997
0.997	0.001	0.001	0.001
0.001	0.001	0.997	0.001
0.001	0.001	0.001	0.997
0.001	0.777	0.001	0.221
0.001	0.001	0.001	0.997
>TGGAATGT	23-TGGAATGT	8.793878	-107.307068	0	T:842.0(4.13%),B:1849.3(2.43%),P:1e-46	Tpos:103.0,Tstd:55.8,Bpos:98.9,Bstd:63.4,StrandBias:0.2,Multiplicity:1.03
0.261	0.001	0.001	0.737
0.001	0.001	0.997	0.001
0.001	0.001	0.997	0.001
0.997	0.001	0.001	0.001
0.997	0.001	0.001	0.001
0.001	0.001	0.001	0.997
0.001	0.001	0.859	0.139
0.001	0.001	0.001	0.997
>TGTTTAAC	24-TGTTTAAC	6.294051	-95.014300	0	T:1557.0(7.64%),B:4097.9(5.38%),P:1e-41	Tpos:98.6,Tstd:58.9,Bpos:101.2,Bstd:62.2,StrandBias:0.1,Multiplicity:1.05
0.068	0.001	0.029	0.902
0.172	0.001	0.710	0.117
0.001	0.062	0.001	0.936
0.001	0.001	0.001	0.997
0.030	0.001	0.001	0.968
0.924	0.001	0.057	0.018
0.827	0.016	0.083	0.074
0.064	0.862	0.001	0.073
>CTTCCCTA	25-CTTCCCTA	4.098432	-64.552270	0	T:1602.0(7.86%),B:4530.8(5.94%),P:1e-28	Tpos:100.6,Tstd:55.6,Bpos:99.9,Bstd:60.6,StrandBias:0.2,Multiplicity:1.07
0.001	0.997	0.001	0.001
0.001	0.001	0.001	0.997
0.001	0.001	0.001	0.997
0.001	0.909	0.001	0.089
0.001	0.997	0.001	0.001
0.001	0.997	0.001	0.001
0.001	0.001	0.001	0.997
0.936	0.001	0.062	0.001
