>GTCACGTG	1-GTCACGTG	8.170546	-35428.248371	0	T:13157.0(64.57%),B:1914.0(2.51%),P:1e-15386	Tpos:104.4,Tstd:25.8,Bpos:100.7,Bstd:72.2,StrandBias:0.0,Multiplicity:1.08
0.118	0.033	0.848	0.001
0.030	0.095	0.001	0.874
0.001	0.997	0.001	0.001
0.997	0.001	0.001	0.001
0.001	0.879	0.001	0.119
0.227	0.001	0.771	0.001
0.001	0.001	0.001	0.997
0.001	0.001	0.997	0.001
>MTCAYGTG	2-MTCAYGTG	7.394099	-26845.795373	0	T:14867.0(72.97%),B:5800.5(7.61%),P:1e-11658	Tpos:99.8,Tstd:48.1,Bpos:98.9,Bstd:67.8,StrandBias:-0.0,Multiplicity:1.04
0.381	0.364	0.147	0.107
0.001	0.422	0.001	0.576
0.001	0.997	0.001	0.001
0.997	0.001	0.001	0.001
0.001	0.516	0.001	0.482
0.158	0.001	0.840	0.001
0.001	0.001	0.001	0.997
0.001	0.001	0.997	0.001
>CACSTGAC	3-CACSTGAC	6.075482	-23178.432712	0	T:16763.0(82.27%),B:11220.9(14.72%),P:1e-10066	Tpos:103.3,Tstd:41.1,Bpos:100.7,Bstd:65.5,StrandBias:-0.0,Multiplicity:1.14
0.165	0.812	0.001	0.022
0.840	0.018	0.077	0.065
0.018	0.634	0.160	0.188
0.018	0.464	0.495	0.023
0.001	0.001	0.022	0.976
0.164	0.001	0.834	0.001
0.647	0.052	0.198	0.103
0.033	0.761	0.001	0.205
>ACCACGTG	4-ACCACGTG	8.365885	-8100.297554	0	T:4762.0(23.37%),B:1448.0(1.90%),P:1e-3517	Tpos:103.2,Tstd:28.6,Bpos:101.0,Bstd:73.1,StrandBias:0.1,Multiplicity:1.03
0.718	0.280	0.001	0.001
0.093	0.763	0.143	0.001
0.001	0.997	0.001	0.001
0.997	0.001	0.001	0.001
0.001	0.997	0.001	0.001
0.001	0.001	0.997	0.001
0.001	0.001	0.001	0.997
0.001	0.001	0.997	0.001
>TGATTGGC	5-TGATTGGC	5.609530	-1863.854163	0	T:2636.0(12.94%),B:2372.7(3.11%),P:1e-809	Tpos:102.9,Tstd:41.8,Bpos:95.1,Bstd:65.2,StrandBias:0.0,Multiplicity:1.25
0.001	0.025	0.001	0.973
0.001	0.272	0.726	0.001
0.997	0.001	0.001	0.001
0.001	0.001	0.001	0.997
0.001	0.001	0.001	0.997
0.001	0.001	0.997	0.001
0.001	0.001	0.997	0.001
0.001	0.765	0.001	0.233
>CYGATTGG	6-CYGATTGG	6.149592	-1557.548183	0	T:3514.0(17.25%),B:4590.5(6.02%),P:1e-676	Tpos:101.6,Tstd:51.6,Bpos:97.6,Bstd:60.9,StrandBias:-0.1,Multiplicity:1.07
0.057	0.581	0.204	0.158
0.001	0.504	0.089	0.406
0.120	0.062	0.581	0.237
0.904	0.054	0.032	0.010
0.069	0.001	0.070	0.860
0.121	0.011	0.001	0.867
0.082	0.008	0.878	0.032
0.061	0.061	0.826	0.052
>GYCAATCM	7-GYCAATCM	7.677245	-850.704735	0	T:2101.0(10.31%),B:2835.6(3.72%),P:1e-369	Tpos:99.4,Tstd:52.4,Bpos:99.1,Bstd:62.9,StrandBias:-0.3,Multiplicity:1.04
0.250	0.001	0.748	0.001
0.001	0.489	0.001	0.509
0.001	0.799	0.001	0.199
0.997	0.001	0.001	0.001
0.997	0.001	0.001	0.001
0.001	0.001	0.001	0.997
0.001	0.997	0.001	0.001
0.440	0.524	0.035	0.001
>TGAGTCAT	8-TGAGTCAT	9.380930	-760.031727	0	T:1430.0(7.02%),B:1590.6(2.09%),P:1e-330	Tpos:103.9,Tstd:50.8,Bpos:103.3,Bstd:65.7,StrandBias:0.1,Multiplicity:1.08
0.001	0.001	0.001	0.997
0.001	0.001	0.997	0.001
0.997	0.001	0.001	0.001
0.001	0.252	0.746	0.001
0.001	0.001	0.001	0.997
0.001	0.997	0.001	0.001
0.997	0.001	0.001	0.001
0.001	0.247	0.001	0.751
>TGCCCTTT	9-TGCCCTTT	5.233627	-582.317301	0	T:10165.0(49.89%),B:29081.4(38.15%),P:1e-252	Tpos:99.4,Tstd:57.4,Bpos:100.7,Bstd:61.0,StrandBias:-0.0,Multiplicity:1.31
0.031	0.149	0.095	0.725
0.056	0.088	0.754	0.102
0.173	0.541	0.226	0.060
0.155	0.743	0.033	0.069
0.042	0.838	0.018	0.102
0.024	0.041	0.006	0.929
0.023	0.254	0.032	0.691
0.042	0.053	0.125	0.780
>CTGTTTAC	10-CTGTTTAC	3.833004	-540.106871	0	T:2808.0(13.78%),B:5469.5(7.18%),P:1e-234	Tpos:101.8,Tstd:54.5,Bpos:99.2,Bstd:63.2,StrandBias:0.0,Multiplicity:1.11
0.362	0.534	0.101	0.003
0.001	0.001	0.001	0.997
0.412	0.001	0.586	0.001
0.001	0.001	0.001	0.997
0.001	0.001	0.001	0.997
0.001	0.001	0.001	0.997
0.579	0.001	0.419	0.001
0.001	0.997	0.001	0.001
>GGTCAAAG	11-GGTCAAAG	5.700273	-473.886668	0	T:4695.0(23.04%),B:11359.4(14.90%),P:1e-205	Tpos:100.9,Tstd:54.2,Bpos:100.0,Bstd:62.5,StrandBias:0.0,Multiplicity:1.14
0.025	0.001	0.973	0.001
0.136	0.069	0.604	0.191
0.031	0.069	0.046	0.854
0.033	0.934	0.001	0.032
0.997	0.001	0.001	0.001
0.932	0.001	0.066	0.001
0.930	0.001	0.058	0.011
0.017	0.001	0.981	0.001
>TTTCCCAG	12-TTTCCCAG	8.236954	-449.001668	0	T:977.0(4.80%),B:1197.0(1.57%),P:1e-194	Tpos:102.9,Tstd:48.1,Bpos:102.5,Bstd:56.2,StrandBias:0.0,Multiplicity:1.03
0.100	0.100	0.100	0.700
0.100	0.100	0.100	0.700
0.100	0.100	0.100	0.700
0.100	0.700	0.100	0.100
0.100	0.700	0.100	0.100
0.100	0.700	0.100	0.100
0.700	0.100	0.100	0.100
0.100	0.100	0.700	0.100
>GSAAAKGA	13-GSAAAKGA	7.387805	-280.699861	0	T:3069.0(15.06%),B:7483.0(9.82%),P:1e-121	Tpos:98.9,Tstd:54.8,Bpos:99.7,Bstd:61.5,StrandBias:-0.0,Multiplicity:1.10
0.113	0.001	0.885	0.001
0.001	0.507	0.491	0.001
0.997	0.001	0.001	0.001
0.997	0.001	0.001	0.001
0.786	0.001	0.212	0.001
0.001	0.001	0.479	0.519
0.001	0.001	0.909	0.089
0.599	0.098	0.001	0.302
>ACTTCCGG	14-ACTTCCGG	7.318468	-242.699845	0	T:1206.0(5.92%),B:2268.7(2.98%),P:1e-105	Tpos:102.2,Tstd:52.8,Bpos:96.4,Bstd:60.7,StrandBias:-0.1,Multiplicity:1.08
0.809	0.001	0.189	0.001
0.001	0.955	0.001	0.043
0.001	0.001	0.001	0.997
0.117	0.001	0.001	0.881
0.001	0.997	0.001	0.001
0.001	0.997	0.001	0.001
0.001	0.001	0.838	0.160
0.001	0.094	0.904	0.001
>CBYGTGAC	15-CBYGTGAC	8.199790	-236.329460	0	T:636.0(3.12%),B:887.1(1.16%),P:1e-102	Tpos:101.3,Tstd:43.8,Bpos:97.0,Bstd:71.3,StrandBias:0.0,Multiplicity:1.03
0.001	0.963	0.035	0.001
0.114	0.268	0.252	0.366
0.076	0.452	0.029	0.444
0.076	0.117	0.806	0.001
0.131	0.001	0.069	0.799
0.064	0.001	0.934	0.001
0.794	0.001	0.088	0.117
0.001	0.997	0.001	0.001
>TTGTGTAA	16-TTGTGTAA	6.898426	-208.056715	0	T:1698.0(8.33%),B:3790.6(4.97%),P:1e-90	Tpos:102.9,Tstd:56.2,Bpos:99.2,Bstd:62.6,StrandBias:0.1,Multiplicity:1.06
0.001	0.012	0.001	0.986
0.001	0.001	0.037	0.961
0.140	0.029	0.808	0.023
0.024	0.064	0.037	0.875
0.011	0.001	0.931	0.057
0.111	0.170	0.001	0.718
0.952	0.046	0.001	0.001
0.921	0.077	0.001	0.001
>TGWTGCAA	17-TGWTGCAA	7.970311	-165.995364	0	T:1127.0(5.53%),B:2368.1(3.11%),P:1e-72	Tpos:100.9,Tstd:55.1,Bpos:100.0,Bstd:62.4,StrandBias:0.0,Multiplicity:1.03
0.109	0.001	0.001	0.889
0.001	0.014	0.599	0.386
0.480	0.001	0.001	0.518
0.001	0.350	0.001	0.648
0.001	0.001	0.997	0.001
0.001	0.729	0.001	0.269
0.997	0.001	0.001	0.001
0.997	0.001	0.001	0.001
>TTTCCTCT	18-TTTCCTCT	6.429881	-152.565666	0	T:4832.0(23.72%),B:14364.3(18.84%),P:1e-66	Tpos:99.0,Tstd:61.0,Bpos:99.9,Bstd:58.8,StrandBias:-0.1,Multiplicity:1.13
0.103	0.074	0.001	0.822
0.023	0.046	0.001	0.930
0.001	0.001	0.001	0.997
0.046	0.883	0.001	0.070
0.001	0.929	0.001	0.069
0.057	0.093	0.020	0.830
0.001	0.856	0.093	0.050
0.023	0.084	0.009	0.884
>GTCATATG	19-GTCATATG	8.236954	-141.357494	0	T:229.0(1.12%),B:225.8(0.30%),P:1e-61	Tpos:103.2,Tstd:37.8,Bpos:95.2,Bstd:65.6,StrandBias:-0.0,Multiplicity:1.01
0.100	0.100	0.700	0.100
0.100	0.100	0.100	0.700
0.100	0.700	0.100	0.100
0.700	0.100	0.100	0.100
0.100	0.100	0.100	0.700
0.700	0.100	0.100	0.100
0.100	0.100	0.100	0.700
0.100	0.100	0.700	0.100
>AGCRAAAG	20-AGCRAAAG	6.671445	-138.842517	0	T:3987.0(19.57%),B:11645.4(15.28%),P:1e-60	Tpos:99.6,Tstd:58.6,Bpos:99.9,Bstd:60.1,StrandBias:0.0,Multiplicity:1.09
0.949	0.049	0.001	0.001
0.001	0.001	0.997	0.001
0.149	0.473	0.081	0.298
0.426	0.001	0.412	0.161
0.821	0.001	0.177	0.001
0.995	0.001	0.003	0.001
0.828	0.083	0.088	0.001
0.066	0.001	0.932	0.001
>GGGGGGGA	21-GGGGGGGA	7.709456	-138.777200	0	T:2181.0(10.70%),B:5711.9(7.49%),P:1e-60	Tpos:101.0,Tstd:55.9,Bpos:94.0,Bstd:56.6,StrandBias:0.0,Multiplicity:1.41
0.001	0.001	0.997	0.001
0.001	0.001	0.997	0.001
0.001	0.099	0.899	0.001
0.001	0.224	0.774	0.001
0.001	0.284	0.714	0.001
0.001	0.389	0.609	0.001
0.001	0.001	0.997	0.001
0.604	0.003	0.392	0.001
>TGTAGTCT	22-TGTAGTCT	9.559730	-113.193000	0	T:518.0(2.54%),B:940.5(1.23%),P:1e-49	Tpos:100.8,Tstd:49.8,Bpos:96.4,Bstd:60.4,StrandBias:-0.2,Multiplicity:1.01
0.001	0.001	0.001	0.997
0.001	0.001	0.997	0.001
0.001	0.001	0.001	0.997
0.997	0.001	0.001	0.001
0.001	0.001	0.997	0.001
0.001	0.001	0.001	0.997
0.001	0.777	0.001	0.221
0.001	0.001	0.001	0.997
>TGGAATGT	23-TGGAATGT	8.793878	-107.307068	0	T:842.0(4.13%),B:1849.3(2.43%),P:1e-46	Tpos:103.0,Tstd:55.8,Bpos:98.9,Bstd:63.4,StrandBias:0.2,Multiplicity:1.03
0.261	0.001	0.001	0.737
0.001	0.001	0.997	0.001
0.001	0.001	0.997	0.001
0.997	0.001	0.001	0.001
0.997	0.001	0.001	0.001
0.001	0.001	0.001	0.997
0.001	0.001	0.859	0.139
0.001	0.001	0.001	0.997
>TGTTTAAC	24-TGTTTAAC	6.294051	-95.014300	0	T:1557.0(7.64%),B:4097.9(5.38%),P:1e-41	Tpos:98.6,Tstd:58.9,Bpos:101.2,Bstd:62.2,StrandBias:0.1,Multiplicity:1.05
0.068	0.001	0.029	0.902
0.172	0.001	0.710	0.117
0.001	0.062	0.001	0.936
0.001	0.001	0.001	0.997
0.030	0.001	0.001	0.968
0.924	0.001	0.057	0.018
0.827	0.016	0.083	0.074
0.064	0.862	0.001	0.073
>CTTCCCTA	25-CTTCCCTA	4.098432	-64.552270	0	T:1602.0(7.86%),B:4530.8(5.94%),P:1e-28	Tpos:100.6,Tstd:55.6,Bpos:99.9,Bstd:60.6,StrandBias:0.2,Multiplicity:1.07
0.001	0.997	0.001	0.001
0.001	0.001	0.001	0.997
0.001	0.001	0.001	0.997
0.001	0.909	0.001	0.089
0.001	0.997	0.001	0.001
0.001	0.997	0.001	0.001
0.001	0.001	0.001	0.997
0.936	0.001	0.062	0.001
