>GGTCACGTGA	1-GGTCACGTGA	7.707896	-34631.927435	0	T:13606.0(66.78%),B:2345.2(3.08%),P:1e-15040	Tpos:104.4,Tstd:25.8,Bpos:101.0,Bstd:68.2,StrandBias:0.0,Multiplicity:1.09
0.290	0.096	0.468	0.146
0.188	0.066	0.730	0.016
0.052	0.182	0.069	0.697
0.001	0.997	0.001	0.001
0.997	0.001	0.001	0.001
0.001	0.795	0.001	0.203
0.237	0.001	0.761	0.001
0.001	0.002	0.001	0.996
0.001	0.001	0.997	0.001
0.551	0.105	0.285	0.059
>CCACGTGACC	2-CCACGTGACC	6.885858	-32745.024688	0	T:16573.0(81.34%),B:5961.4(7.82%),P:1e-14220	Tpos:101.7,Tstd:44.5,Bpos:98.0,Bstd:67.7,StrandBias:-0.0,Multiplicity:1.04
0.204	0.410	0.203	0.183
0.001	0.997	0.001	0.001
0.804	0.087	0.058	0.051
0.001	0.739	0.001	0.259
0.289	0.063	0.647	0.001
0.018	0.013	0.001	0.968
0.001	0.001	0.997	0.001
0.509	0.150	0.249	0.092
0.079	0.490	0.092	0.339
0.153	0.439	0.146	0.262
>GTCACRTGNC	3-GTCACRTGNC	7.442782	-31149.309059	0	T:13233.0(64.95%),B:2725.8(3.58%),P:1e-13527	Tpos:103.4,Tstd:37.2,Bpos:101.7,Bstd:69.9,StrandBias:0.0,Multiplicity:1.08
0.296	0.027	0.676	0.001
0.067	0.013	0.058	0.862
0.001	0.997	0.001	0.001
0.990	0.001	0.001	0.008
0.004	0.744	0.109	0.143
0.406	0.078	0.506	0.010
0.160	0.107	0.065	0.668
0.002	0.001	0.949	0.048
0.205	0.260	0.327	0.209
0.112	0.480	0.112	0.296
>BVACCACGTG	4-BVACCACGTG	8.395452	-11014.579797	0	T:6127.0(30.07%),B:1746.2(2.29%),P:1e-4783	Tpos:102.7,Tstd:29.5,Bpos:97.8,Bstd:77.1,StrandBias:0.1,Multiplicity:1.03
0.166	0.216	0.347	0.271
0.253	0.279	0.361	0.107
0.597	0.316	0.086	0.001
0.227	0.423	0.231	0.120
0.001	0.997	0.001	0.001
0.997	0.001	0.001	0.001
0.001	0.997	0.001	0.001
0.001	0.001	0.997	0.001
0.001	0.001	0.001	0.997
0.001	0.001	0.997	0.001
>TSTGATTGGC	5-TSTGATTGGC	6.754887	-2017.917294	0	T:3271.0(16.05%),B:3350.4(4.40%),P:1e-876	Tpos:102.5,Tstd:42.3,Bpos:95.9,Bstd:62.9,StrandBias:0.0,Multiplicity:1.29
0.281	0.126	0.088	0.505
0.137	0.391	0.266	0.206
0.034	0.294	0.070	0.602
0.055	0.275	0.572	0.098
0.884	0.037	0.049	0.030
0.022	0.016	0.032	0.930
0.046	0.042	0.028	0.884
0.054	0.057	0.853	0.036
0.065	0.041	0.874	0.020
0.139	0.504	0.028	0.329
>TRRCCAATRR	6-TRRCCAATRR	6.626304	-1685.813583	0	T:3858.0(18.93%),B:5117.4(6.71%),P:1e-732	Tpos:101.9,Tstd:51.1,Bpos:98.9,Bstd:61.7,StrandBias:-0.0,Multiplicity:1.08
0.079	0.209	0.255	0.457
0.492	0.001	0.506	0.001
0.323	0.113	0.406	0.158
0.001	0.734	0.001	0.264
0.211	0.749	0.001	0.039
0.997	0.001	0.001	0.001
0.673	0.001	0.325	0.001
0.406	0.001	0.001	0.592
0.293	0.214	0.373	0.120
0.340	0.223	0.382	0.054
>GTCACCTGAC	7-GTCACCTGAC	9.597349	-1339.962134	0	T:808.0(3.97%),B:234.9(0.31%),P:1e-581	Tpos:103.9,Tstd:27.1,Bpos:100.2,Bstd:63.1,StrandBias:0.1,Multiplicity:1.02
0.087	0.007	0.905	0.001
0.023	0.068	0.019	0.890
0.001	0.997	0.001	0.001
0.995	0.001	0.003	0.001
0.001	0.830	0.133	0.036
0.001	0.995	0.001	0.003
0.001	0.001	0.001	0.997
0.001	0.001	0.997	0.001
0.969	0.001	0.013	0.017
0.001	0.855	0.001	0.143
>GCCACGTGTT	8-GCCACGTGTT	8.337929	-870.479004	0	T:1241.0(6.09%),B:1096.4(1.44%),P:1e-378	Tpos:99.0,Tstd:55.3,Bpos:97.6,Bstd:63.7,StrandBias:0.1,Multiplicity:1.02
0.001	0.001	0.997	0.001
0.204	0.670	0.125	0.001
0.042	0.939	0.001	0.018
0.564	0.262	0.001	0.173
0.143	0.601	0.001	0.255
0.001	0.300	0.590	0.109
0.001	0.143	0.157	0.699
0.001	0.001	0.997	0.001
0.101	0.113	0.278	0.508
0.001	0.105	0.082	0.812
>TGGGAAATGT	9-TGGGAAATGT	10.296193	-743.469033	0	T:379.0(1.86%),B:79.2(0.10%),P:1e-322	Tpos:104.5,Tstd:36.3,Bpos:92.0,Bstd:61.6,StrandBias:0.1,Multiplicity:1.01
0.100	0.100	0.100	0.700
0.100	0.100	0.700	0.100
0.100	0.100	0.700	0.100
0.100	0.100	0.700	0.100
0.700	0.100	0.100	0.100
0.700	0.100	0.100	0.100
0.700	0.100	0.100	0.100
0.100	0.100	0.100	0.700
0.100	0.100	0.700	0.100
0.100	0.100	0.100	0.700
>TTGVCCTTTG	10-TTGVCCTTTG	6.385004	-700.832409	0	T:5435.0(26.67%),B:12442.3(16.32%),P:1e-304	Tpos:100.8,Tstd:56.3,Bpos:100.5,Bstd:60.7,StrandBias:-0.0,Multiplicity:1.18
0.134	0.215	0.163	0.488
0.001	0.025	0.043	0.931
0.089	0.005	0.788	0.118
0.380	0.338	0.253	0.029
0.333	0.495	0.002	0.169
0.001	0.995	0.001	0.003
0.003	0.044	0.001	0.952
0.035	0.144	0.005	0.816
0.057	0.004	0.112	0.827
0.173	0.108	0.610	0.109
>WNDGTAAAYA	11-WNDGTAAAYA	5.780978	-649.784190	0	T:2792.0(13.70%),B:5042.2(6.61%),P:1e-282	Tpos:102.0,Tstd:54.9,Bpos:99.5,Bstd:62.5,StrandBias:-0.0,Multiplicity:1.12
0.301	0.171	0.093	0.435
0.276	0.201	0.288	0.234
0.335	0.054	0.328	0.283
0.134	0.119	0.550	0.197
0.047	0.318	0.083	0.552
0.653	0.256	0.012	0.079
0.786	0.106	0.081	0.027
0.586	0.186	0.075	0.153
0.037	0.515	0.056	0.392
0.685	0.129	0.019	0.167
>GRTGACTCAY	12-GRTGACTCAY	4.654748	-624.778020	0	T:1475.0(7.24%),B:1917.9(2.52%),P:1e-271	Tpos:102.9,Tstd:50.8,Bpos:102.0,Bstd:64.7,StrandBias:0.0,Multiplicity:1.09
0.075	0.169	0.564	0.192
0.437	0.127	0.435	0.001
0.001	0.001	0.001	0.997
0.001	0.001	0.997	0.001
0.997	0.001	0.001	0.001
0.001	0.672	0.326	0.001
0.001	0.001	0.001	0.997
0.001	0.997	0.001	0.001
0.997	0.001	0.001	0.001
0.001	0.414	0.237	0.348
>GCTGGGAAAT	13-GCTGGGAAAT	7.813026	-506.461304	0	T:1272.0(6.24%),B:1713.4(2.25%),P:1e-219	Tpos:101.6,Tstd:51.6,Bpos:100.0,Bstd:57.8,StrandBias:-0.1,Multiplicity:1.02
0.220	0.151	0.475	0.154
0.001	0.887	0.001	0.111
0.060	0.113	0.139	0.688
0.256	0.050	0.676	0.018
0.036	0.101	0.843	0.020
0.082	0.121	0.653	0.144
0.740	0.038	0.098	0.124
0.810	0.007	0.157	0.026
0.709	0.078	0.119	0.094
0.093	0.161	0.173	0.573
>GGGGCGGGGC	14-GGGGCGGGGC	9.234494	-343.512090	0	T:1410.0(6.92%),B:2454.2(3.22%),P:1e-149	Tpos:102.7,Tstd:55.6,Bpos:92.4,Bstd:57.1,StrandBias:0.0,Multiplicity:1.27
0.123	0.046	0.734	0.097
0.114	0.023	0.855	0.008
0.009	0.055	0.930	0.006
0.044	0.032	0.910	0.014
0.093	0.795	0.069	0.043
0.220	0.049	0.726	0.005
0.010	0.024	0.871	0.095
0.117	0.075	0.737	0.071
0.107	0.075	0.775	0.043
0.050	0.665	0.017	0.268
>CTAGCTGCAA	15-CTAGCTGCAA	9.124906	-255.149455	0	T:370.0(1.82%),B:329.5(0.43%),P:1e-110	Tpos:104.1,Tstd:40.9,Bpos:99.1,Bstd:57.1,StrandBias:0.0,Multiplicity:1.01
0.050	0.924	0.001	0.025
0.001	0.041	0.001	0.957
0.926	0.001	0.072	0.001
0.141	0.001	0.857	0.001
0.048	0.931	0.016	0.005
0.022	0.027	0.001	0.950
0.026	0.007	0.950	0.017
0.061	0.922	0.001	0.016
0.997	0.001	0.001	0.001
0.940	0.021	0.001	0.038
>CTGCAAGGGA	16-CTGCAAGGGA	11.284856	-253.895591	0	T:210.0(1.03%),B:100.6(0.13%),P:1e-110	Tpos:102.5,Tstd:31.7,Bpos:100.7,Bstd:69.2,StrandBias:-0.0,Multiplicity:1.00
0.001	0.920	0.001	0.078
0.001	0.001	0.001	0.997
0.001	0.001	0.997	0.001
0.001	0.997	0.001	0.001
0.997	0.001	0.001	0.001
0.997	0.001	0.001	0.001
0.001	0.001	0.997	0.001
0.001	0.001	0.997	0.001
0.001	0.001	0.997	0.001
0.997	0.001	0.001	0.001
>YTTCCNGGAA	17-YTTCCNGGAA	5.448529	-232.218978	0	T:5519.0(27.09%),B:15860.1(20.81%),P:1e-100	Tpos:101.6,Tstd:57.0,Bpos:100.5,Bstd:61.0,StrandBias:-0.0,Multiplicity:1.15
0.172	0.402	0.064	0.363
0.034	0.063	0.119	0.784
0.107	0.119	0.131	0.643
0.111	0.694	0.114	0.081
0.010	0.927	0.013	0.050
0.255	0.320	0.246	0.179
0.136	0.017	0.820	0.027
0.032	0.037	0.864	0.067
0.811	0.061	0.094	0.034
0.907	0.011	0.067	0.015
>TATTGGATAC	18-TATTGGATAC	8.537585	-222.741733	0	T:69.0(0.34%),B:4.4(0.01%),P:1e-96	Tpos:93.9,Tstd:61.6,Bpos:99.8,Bstd:18.0,StrandBias:0.3,Multiplicity:1.00
0.001	0.001	0.001	0.997
0.997	0.001	0.001	0.001
0.001	0.001	0.001	0.997
0.001	0.005	0.001	0.993
0.001	0.001	0.997	0.001
0.001	0.001	0.997	0.001
0.997	0.001	0.001	0.001
0.001	0.001	0.001	0.997
0.997	0.001	0.001	0.001
0.001	0.997	0.001	0.001
>GCGCTGTTAT	19-GCGCTGTTAT	12.095798	-163.395995	0	T:40.0(0.20%),B:1.9(0.00%),P:1e-70	Tpos:88.6,Tstd:70.4,Bpos:112.1,Bstd:24.8,StrandBias:0.7,Multiplicity:1.00
0.001	0.001	0.997	0.001
0.001	0.997	0.001	0.001
0.001	0.001	0.997	0.001
0.010	0.979	0.010	0.001
0.001	0.001	0.001	0.997
0.001	0.010	0.988	0.001
0.182	0.001	0.001	0.816
0.001	0.001	0.001	0.997
0.997	0.001	0.001	0.001
0.010	0.001	0.001	0.988
>GACCGGTAGT	20-GACCGGTAGT	10.925315	-156.226929	0	T:49.0(0.24%),B:3.5(0.00%),P:1e-67	Tpos:62.4,Tstd:65.6,Bpos:90.3,Bstd:50.3,StrandBias:1.8,Multiplicity:1.00
0.008	0.001	0.990	0.001
0.990	0.001	0.001	0.008
0.001	0.990	0.001	0.008
0.001	0.997	0.001	0.001
0.162	0.056	0.781	0.001
0.001	0.001	0.997	0.001
0.001	0.001	0.001	0.997
0.997	0.001	0.001	0.001
0.001	0.001	0.990	0.008
0.001	0.001	0.001	0.997
>GGGGGCCCTT	21-GGGGGCCCTT	10.296193	-150.105430	0	T:98.0(0.48%),B:33.8(0.04%),P:1e-65	Tpos:107.6,Tstd:41.6,Bpos:101.4,Bstd:60.2,StrandBias:0.3,Multiplicity:1.00
0.100	0.100	0.700	0.100
0.100	0.100	0.700	0.100
0.100	0.100	0.700	0.100
0.100	0.100	0.700	0.100
0.100	0.100	0.700	0.100
0.100	0.700	0.100	0.100
0.100	0.700	0.100	0.100
0.100	0.700	0.100	0.100
0.100	0.100	0.100	0.700
0.100	0.100	0.100	0.700
>GGAAGTDAYR	22-GGAAGTDAYR	7.541953	-143.334259	0	T:581.0(2.85%),B:1000.3(1.31%),P:1e-62	Tpos:102.6,Tstd:52.2,Bpos:99.6,Bstd:62.5,StrandBias:0.0,Multiplicity:1.02
0.344	0.027	0.583	0.046
0.152	0.179	0.654	0.015
0.775	0.196	0.006	0.023
0.986	0.010	0.001	0.003
0.264	0.084	0.597	0.055
0.016	0.077	0.001	0.906
0.284	0.120	0.327	0.269
0.506	0.295	0.134	0.065
0.134	0.381	0.155	0.330
0.422	0.008	0.389	0.181
>ACAGCTTACG	23-ACAGCTTACG	8.804030	-116.000281	0	T:61.0(0.30%),B:14.8(0.02%),P:1e-50	Tpos:94.7,Tstd:66.8,Bpos:80.4,Bstd:50.7,StrandBias:-0.2,Multiplicity:1.00
0.997	0.001	0.001	0.001
0.001	0.989	0.001	0.009
0.997	0.001	0.001	0.001
0.001	0.001	0.997	0.001
0.001	0.997	0.001	0.001
0.001	0.001	0.001	0.997
0.001	0.001	0.001	0.997
0.997	0.001	0.001	0.001
0.001	0.723	0.001	0.275
0.001	0.001	0.997	0.001
>GGCCCCGAAT	24-GGCCCCGAAT	10.296193	-96.462211	0	T:43.0(0.21%),B:7.1(0.01%),P:1e-41	Tpos:64.0,Tstd:65.9,Bpos:97.7,Bstd:62.6,StrandBias:1.4,Multiplicity:1.00
0.100	0.100	0.700	0.100
0.100	0.100	0.700	0.100
0.100	0.700	0.100	0.100
0.100	0.700	0.100	0.100
0.100	0.700	0.100	0.100
0.100	0.700	0.100	0.100
0.100	0.100	0.700	0.100
0.700	0.100	0.100	0.100
0.700	0.100	0.100	0.100
0.100	0.100	0.100	0.700
>TTTCTTCTAT	25-TTTCTTCTAT	10.296193	-76.585759	0	T:65.0(0.32%),B:33.4(0.04%),P:1e-33	Tpos:106.7,Tstd:70.7,Bpos:115.6,Bstd:51.9,StrandBias:0.1,Multiplicity:1.00
0.100	0.100	0.100	0.700
0.100	0.100	0.100	0.700
0.100	0.100	0.100	0.700
0.100	0.700	0.100	0.100
0.100	0.100	0.100	0.700
0.100	0.100	0.100	0.700
0.100	0.700	0.100	0.100
0.100	0.100	0.100	0.700
0.700	0.100	0.100	0.100
0.100	0.100	0.100	0.700
