>GTCACGTGACBN	1-GTCACGTGACBN,BestGuess:USF1(bHLH)/GM12878-Usf1-ChIP-Seq(GSE32465)/Homer(0.965)	6.927841	-38269.315663	0	T:14460.0(70.97%),B:2343.8(3.07%),P:1e-16620
0.256	0.151	0.485	0.108
0.157	0.235	0.151	0.457
0.014	0.926	0.041	0.019
0.884	0.036	0.041	0.039
0.026	0.658	0.104	0.212
0.208	0.089	0.688	0.015
0.049	0.042	0.027	0.882
0.016	0.052	0.912	0.020
0.456	0.150	0.228	0.166
0.123	0.429	0.171	0.277
0.193	0.362	0.223	0.223
0.250	0.264	0.252	0.234
>TBTSATTGGCYV	4-TBTSATTGGCYV,BestGuess:NFY(CCAAT)/Promoter/Homer(0.963)	8.372399	-2748.465002	0	T:2532.0(12.43%),B:1439.4(1.89%),P:1e-1193
0.190	0.214	0.194	0.402
0.118	0.378	0.262	0.243
0.028	0.304	0.083	0.585
0.078	0.367	0.407	0.148
0.985	0.001	0.011	0.003
0.001	0.172	0.001	0.826
0.008	0.001	0.001	0.990
0.026	0.001	0.966	0.007
0.070	0.002	0.927	0.001
0.138	0.520	0.072	0.270
0.070	0.477	0.001	0.453
0.353	0.274	0.227	0.147
>GGGAAATGTAGT	7-GGGAAATGTAGT,BestGuess:GFY(?)/Promoter/Homer(0.912)	10.086391	-1081.583628	0	T:537.0(2.64%),B:106.5(0.14%),P:1e-469
0.010	0.001	0.988	0.001
0.001	0.001	0.997	0.001
0.013	0.001	0.985	0.001
0.962	0.001	0.011	0.026
0.970	0.001	0.023	0.006
0.949	0.008	0.019	0.024
0.001	0.025	0.001	0.973
0.021	0.001	0.976	0.002
0.012	0.051	0.019	0.918
0.969	0.001	0.026	0.004
0.006	0.003	0.984	0.007
0.001	0.008	0.013	0.978
>TGAGTCAT	8-TGAGTCAT,BestGuess:FOS/MA0476.2/Jaspar(0.979)	9.380930	-760.031727	0	T:1430.0(7.02%),B:1590.6(2.09%),P:1e-330
0.001	0.001	0.001	0.997
0.001	0.001	0.997	0.001
0.997	0.001	0.001	0.001
0.001	0.252	0.746	0.001
0.001	0.001	0.001	0.997
0.001	0.997	0.001	0.001
0.997	0.001	0.001	0.001
0.001	0.247	0.001	0.751
>TTGVCCTTTG	10-TTGVCCTTTG,BestGuess:Erra(NR)/HepG2-Erra-ChIP-Seq(GSE31477)/Homer(0.911)	6.385004	-700.832409	0	T:5435.0(26.67%),B:12442.3(16.32%),P:1e-304
0.134	0.215	0.163	0.488
0.001	0.025	0.043	0.931
0.089	0.005	0.788	0.118
0.380	0.338	0.253	0.029
0.333	0.495	0.002	0.169
0.001	0.995	0.001	0.003
0.003	0.044	0.001	0.952
0.035	0.144	0.005	0.816
0.057	0.004	0.112	0.827
0.173	0.108	0.610	0.109
>WNDGTAAAYA	11-WNDGTAAAYA,BestGuess:FOXM1(Forkhead)/MCF7-FOXM1-ChIP-Seq(GSE72977)/Homer(0.941)	5.780978	-649.784190	0	T:2792.0(13.70%),B:5042.2(6.61%),P:1e-282
0.301	0.171	0.093	0.435
0.276	0.201	0.288	0.234
0.335	0.054	0.328	0.283
0.134	0.119	0.550	0.197
0.047	0.318	0.083	0.552
0.653	0.256	0.012	0.079
0.786	0.106	0.081	0.027
0.586	0.186	0.075	0.153
0.037	0.515	0.056	0.392
0.685	0.129	0.019	0.167
>GCAAGGGAGGCT	10-GCAAGGGAGGCT,BestGuess:SP5/MA1965.2/Jaspar(0.664)	9.668084	-598.019163	0	T:410.0(2.01%),B:147.4(0.19%),P:1e-259
0.033	0.001	0.952	0.014
0.001	0.991	0.001	0.007
0.997	0.001	0.001	0.001
0.986	0.001	0.012	0.001
0.084	0.002	0.913	0.001
0.026	0.006	0.954	0.014
0.112	0.001	0.886	0.001
0.997	0.001	0.001	0.001
0.095	0.001	0.826	0.078
0.025	0.047	0.863	0.065
0.005	0.984	0.001	0.010
0.001	0.001	0.001	0.997
>CCACYAGGGGGC	14-CCACYAGGGGGC,BestGuess:CTCF/MA0139.2/Jaspar(0.944)	9.790378	-380.533024	0	T:613.0(3.01%),B:597.9(0.78%),P:1e-165
0.062	0.869	0.018	0.051
0.001	0.997	0.001	0.001
0.700	0.048	0.092	0.160
0.090	0.699	0.165	0.046
0.166	0.398	0.066	0.371
0.844	0.085	0.001	0.070
0.001	0.001	0.997	0.001
0.363	0.001	0.635	0.001
0.028	0.001	0.630	0.341
0.001	0.001	0.997	0.001
0.001	0.001	0.988	0.010
0.197	0.699	0.001	0.103
>GGGGCAGGGTAA	15-GGGGCAGGGTAA,BestGuess:KLF12/MA0742.2/Jaspar(0.708)	10.760878	-362.901871	0	T:101.0(0.50%),B:4.9(0.01%),P:1e-157
0.024	0.004	0.971	0.001
0.001	0.001	0.997	0.001
0.001	0.001	0.997	0.001
0.001	0.001	0.997	0.001
0.001	0.997	0.001	0.001
0.997	0.001	0.001	0.001
0.001	0.003	0.995	0.001
0.001	0.004	0.991	0.004
0.001	0.001	0.997	0.001
0.001	0.001	0.001	0.997
0.997	0.001	0.001	0.001
0.997	0.001	0.001	0.001
>CTAGCTGCAA	15-CTAGCTGCAA,BestGuess:ZNF582/MA1983.2/Jaspar(0.598)	9.124906	-255.149455	0	T:370.0(1.82%),B:329.5(0.43%),P:1e-110
0.050	0.924	0.001	0.025
0.001	0.041	0.001	0.957
0.926	0.001	0.072	0.001
0.141	0.001	0.857	0.001
0.048	0.931	0.016	0.005
0.022	0.027	0.001	0.950
0.026	0.007	0.950	0.017
0.061	0.922	0.001	0.016
0.997	0.001	0.001	0.001
0.940	0.021	0.001	0.038
>CTGCGCTGTTAT	20-CTGCGCTGTTAT,BestGuess:Rhox11/MA0629.2/Jaspar(0.731)	10.935410	-246.802073	0	T:70.0(0.34%),B:3.3(0.00%),P:1e-107
0.001	0.997	0.001	0.001
0.001	0.001	0.001	0.997
0.001	0.006	0.992	0.001
0.043	0.739	0.001	0.217
0.197	0.007	0.795	0.001
0.001	0.997	0.001	0.001
0.006	0.001	0.001	0.992
0.001	0.001	0.997	0.001
0.016	0.001	0.001	0.982
0.001	0.001	0.001	0.997
0.992	0.001	0.006	0.001
0.001	0.001	0.001	0.997
>ACTTCCGG	14-ACTTCCGG,BestGuess:ETS(ETS)/Promoter/Homer(0.975)	7.318468	-242.699845	0	T:1206.0(5.92%),B:2268.7(2.98%),P:1e-105
0.809	0.001	0.189	0.001
0.001	0.955	0.001	0.043
0.001	0.001	0.001	0.997
0.117	0.001	0.001	0.881
0.001	0.997	0.001	0.001
0.001	0.997	0.001	0.001
0.001	0.001	0.838	0.160
0.001	0.094	0.904	0.001
>TTGTGTAA	16-TTGTGTAA,BestGuess:CEBPD/MA0836.3/Jaspar(0.907)	6.898426	-208.056715	0	T:1698.0(8.33%),B:3790.6(4.97%),P:1e-90
0.001	0.012	0.001	0.986
0.001	0.001	0.037	0.961
0.140	0.029	0.808	0.023
0.024	0.064	0.037	0.875
0.011	0.001	0.931	0.057
0.111	0.170	0.001	0.718
0.952	0.046	0.001	0.001
0.921	0.077	0.001	0.001
>AGWGGCCCCGAA	21-AGWGGCCCCGAA,BestGuess:Plagl1/MA1615.2/Jaspar(0.673)	11.811298	-199.129672	0	T:47.0(0.23%),B:2.0(0.00%),P:1e-86
0.700	0.184	0.093	0.023
0.001	0.024	0.952	0.023
0.344	0.212	0.001	0.443
0.024	0.001	0.698	0.277
0.023	0.024	0.952	0.001
0.047	0.722	0.047	0.184
0.024	0.789	0.070	0.117
0.253	0.676	0.001	0.070
0.023	0.931	0.023	0.023
0.092	0.069	0.676	0.163
0.860	0.025	0.046	0.069
0.608	0.253	0.070	0.069
>ACTTCTGCTCAC	22-ACTTCTGCTCAC,BestGuess:ETV6/MA0645.2/Jaspar(0.673)	9.967295	-198.173791	0	T:253.0(1.24%),B:200.7(0.26%),P:1e-86
0.848	0.035	0.071	0.046
0.021	0.867	0.015	0.097
0.042	0.056	0.001	0.901
0.021	0.044	0.025	0.910
0.031	0.875	0.045	0.049
0.022	0.221	0.008	0.749
0.158	0.050	0.684	0.108
0.039	0.803	0.029	0.129
0.034	0.065	0.017	0.884
0.040	0.823	0.044	0.093
0.872	0.048	0.021	0.059
0.106	0.786	0.053	0.055
>WTTYTTCTATGC	23-WTTYTTCTATGC,BestGuess:ZNF680/MA1729.2/Jaspar(0.655)	11.487198	-175.833466	0	T:49.0(0.24%),B:2.9(0.00%),P:1e-76
0.461	0.023	0.034	0.482
0.185	0.117	0.057	0.641
0.045	0.045	0.147	0.763
0.057	0.523	0.023	0.397
0.202	0.034	0.050	0.714
0.023	0.045	0.045	0.887
0.113	0.713	0.095	0.079
0.023	0.068	0.068	0.841
0.909	0.023	0.045	0.023
0.208	0.023	0.092	0.677
0.050	0.057	0.837	0.056
0.137	0.784	0.034	0.045
>TTAATGATTAAC	24-TTAATGATTAAC,BestGuess:HNF1b(Homeobox)/PDAC-HNF1B-ChIP-Seq(GSE64557)/Homer(0.972)	8.542299	-170.910483	0	T:350.0(1.72%),B:410.7(0.54%),P:1e-74
0.030	0.143	0.107	0.720
0.174	0.105	0.059	0.662
0.790	0.015	0.184	0.011
0.817	0.094	0.030	0.059
0.148	0.055	0.011	0.786
0.145	0.182	0.532	0.141
0.709	0.015	0.019	0.257
0.049	0.155	0.105	0.691
0.043	0.060	0.002	0.895
0.743	0.073	0.080	0.104
0.631	0.238	0.088	0.043
0.094	0.756	0.045	0.105
>TGGCAGCCGAGG	25-TGGCAGCCGAGG,BestGuess:HIC1(Zf)/Treg-ZBTB29-ChIP-Seq(GSE99889)/Homer(0.637)	12.821922	-154.597859	0	T:67.0(0.33%),B:10.5(0.01%),P:1e-67
0.001	0.001	0.001	0.997
0.001	0.001	0.997	0.001
0.001	0.001	0.991	0.007
0.001	0.935	0.001	0.063
0.997	0.001	0.001	0.001
0.001	0.007	0.991	0.001
0.001	0.997	0.001	0.001
0.001	0.997	0.001	0.001
0.231	0.001	0.767	0.001
0.997	0.001	0.001	0.001
0.001	0.001	0.997	0.001
0.032	0.001	0.966	0.001
>TTTCCTCT	18-TTTCCTCT,BestGuess:EWS:ERG-fusion(ETS)/CADO_ES1-EWS:ERG-ChIP-Seq(SRA014231)/Homer(0.803)	6.429881	-152.565666	0	T:4832.0(23.72%),B:14364.3(18.84%),P:1e-66
0.103	0.074	0.001	0.822
0.023	0.046	0.001	0.930
0.001	0.001	0.001	0.997
0.046	0.883	0.001	0.070
0.001	0.929	0.001	0.069
0.057	0.093	0.020	0.830
0.001	0.856	0.093	0.050
0.023	0.084	0.009	0.884
>GGGGGCCCTT	21-GGGGGCCCTT,BestGuess:PLAGL2/MA1548.2/Jaspar(0.875)	10.296193	-150.105430	0	T:98.0(0.48%),B:33.8(0.04%),P:1e-65
0.100	0.100	0.700	0.100
0.100	0.100	0.700	0.100
0.100	0.100	0.700	0.100
0.100	0.100	0.700	0.100
0.100	0.100	0.700	0.100
0.100	0.700	0.100	0.100
0.100	0.700	0.100	0.100
0.100	0.700	0.100	0.100
0.100	0.100	0.100	0.700
0.100	0.100	0.100	0.700
>GGGGGGGA	21-GGGGGGGA,BestGuess:Maz(Zf)/HepG2-Maz-ChIP-Seq(GSE31477)/Homer(0.866)	7.709456	-138.777200	0	T:2181.0(10.70%),B:5711.9(7.49%),P:1e-60
0.001	0.001	0.997	0.001
0.001	0.001	0.997	0.001
0.001	0.099	0.899	0.001
0.001	0.224	0.774	0.001
0.001	0.284	0.714	0.001
0.001	0.389	0.609	0.001
0.001	0.001	0.997	0.001
0.604	0.003	0.392	0.001
>ACAGCTTACG	23-ACAGCTTACG,BestGuess:MyoG(bHLH)/C2C12-MyoG-ChIP-Seq(GSE36024)/Homer(0.665)	8.804030	-116.000281	0	T:61.0(0.30%),B:14.8(0.02%),P:1e-50
0.997	0.001	0.001	0.001
0.001	0.989	0.001	0.009
0.997	0.001	0.001	0.001
0.001	0.001	0.997	0.001
0.001	0.997	0.001	0.001
0.001	0.001	0.001	0.997
0.001	0.001	0.001	0.997
0.997	0.001	0.001	0.001
0.001	0.723	0.001	0.275
0.001	0.001	0.997	0.001
>TGGAATGT	23-TGGAATGT,BestGuess:TEAD4/MA0809.3/Jaspar(0.992)	8.793878	-107.307068	0	T:842.0(4.13%),B:1849.3(2.43%),P:1e-46
0.261	0.001	0.001	0.737
0.001	0.001	0.997	0.001
0.001	0.001	0.997	0.001
0.997	0.001	0.001	0.001
0.997	0.001	0.001	0.001
0.001	0.001	0.001	0.997
0.001	0.001	0.859	0.139
0.001	0.001	0.001	0.997
>CTTCCCTA	25-CTTCCCTA,BestGuess:Elf5/MA0136.4/Jaspar(0.731)	4.098432	-64.552270	0	T:1602.0(7.86%),B:4530.8(5.94%),P:1e-28
0.001	0.997	0.001	0.001
0.001	0.001	0.001	0.997
0.001	0.001	0.001	0.997
0.001	0.909	0.001	0.089
0.001	0.997	0.001	0.001
0.001	0.997	0.001	0.001
0.001	0.001	0.001	0.997
0.936	0.001	0.062	0.001
